IMG
OUTPUT
BOX
   3.  3.  3.  3.  3.  3.  3.  3.  3.  3.  3.  3.  3.  3.  3.  3.  3.  3.
   3.  3.  3.  3.  3.  3.  3.  3.  3.  3.  3.  3.  3.  3. 
   3.  3.  3.  3.  3.  3.  3.  3.  3.  3.  3.  3.  3.  3.  3.  3.  3.  3.
   3.  3.  3.  3.  3.  3.  3.  3.  3.  3.  3.  3.  3.  3. 
   3.  3.  3.  3.  3.  3.  3.  3.  3.  3.  3.  3.  3.  3.  3.  3.  3.  3.
   3.  3.  3.  3.  3.  3.  3.  3.  3.  3.  3.  3.  3.  3. 
   3.  3.  3.  3.  3.  3.  3.  3.  3.  3.  3.  3.  3.  3.  3.  3.  3.  3.
   3.  3.  3.  3.  3.  3.  3.  3.  3.  3.  3.  3.  3.  3. 
   3.  3.  3.  3.  3.  3.  3.  3.  3.  3.  3.  3.  3.  3.  3.  3.  3.  3.
   3.  3.  3.  3.  3.  3.  3.  3.  3.  3.  3.  3.  3.  3. 
   3.  3.  3.  3.  3.  3.  3.  3.  3.  3.  3.  3.  3.  3.  3.  3.  3.  3.
   3.  3.  3.  3.  3.  3.  3.  3.  3.  3.  3.  3.  3.  3. 
   3.  3.  3.  3.  3.  3.  3.  3.  3.  3.  3.  3.  3.  3.  3.  3.  3.  3.
   3.  3.  3.  3.  3.  3.  3.  3.  3.  3.  3.  3.  3.  3. 
   3.  3.  3.  3.  3.  3.  3.  3.  3.  3.  3.  3.  3.  3.  3.  3.  3.  3.
   3.  3.  3.  3.  3.  3.  3.  3.  3.  3.  3.  3.  3.  3. 
   3.  3.  3.  3.  3.  3.  3.  3.  3.  3.  3.  3.  3.  3.  3.  3.  3.  3.
   3.  3.  3.  3.  3.  3.  3.  3.  3.  3.  3.  3.  3.  3. 
   3.  3.  3.  3.  3.  3.  3.  3.  3.  3.  3.  3.  3.  3.  3.  3.  3.  3.
   3.  3.  3.  3.  3.  3.  3.  3.  3.  3.  3.  3.  3.  3. 
   3.  3.  3.  3.  3.  3.  3.  3.  3.  3.  3.  3.  3.  3.  3.  3.  3.  3.
   3.  3.  3.  3.  3.  3.  3.  3.  3.  3.  3.  3.  3.  3. 
   3.  3.  3.  3.  3.  3.  3.  3.  3.  3.  3.  3.  3.  3.  3.  3.  3.  3.
   3.  3.  3.  3.  3.  3.  3.  3.  3.  3.  3.  3.  3.  3. 
   3.  3.  3.  3.  3.  3.  3.  3.  3.  3.  3.  3.  3.  3.  3.  3.  2.  2.
   2.  2.  3.  3.  3.  3.  3.  3.  3.  3.  3.  3.  3.  3. 
   3.  3.  3.  3.  3.  3.  3.  3.  3.  3.  3.  3.  3.  3.  3.  2.  2.  1.
   1.  2.  2.  3.  3.  3.  3.  3.  3.  3.  3.  3.  3.  3. 
   3.  3.  3.  3.  3.  3.  3.  3.  3.  3.  3.  3.  3.  3.  2.  2.  1.  1.
   1.  1.  2.  2.  3.  3.  3.  3.  3.  3.  3.  3.  3.  3. 
   3.  3.  3.  3.  3.  3.  3.  3.  3.  3.  3.  3.  3.  2.  2.  1.  1.  1.
   1.  1.  1.  2.  3.  3.  3.  3.  3.  3.  3.  3.  3.  3. 
   3.  3.  3.  3.  3.  3.  3.  3.  3.  3.  3.  3.  3.  2.  1.  1.  1.  1.
   1.  1.  1.  2.  3.  3.  3.  3.  3.  3.  3.  3.  3.  3. 
   3.  3.  3.  3.  3.  3.  3.  3.  3.  3.  3.  3.  3.  2.  1.  1.  1.  1.
   1.  1.  1.  2.  3.  3.  3.  3.  3.  3.  3.  3.  3.  3. 
   3.  3.  3.  3.  3.  3.  3.  3.  3.  3.  3.  3.  3.  2.  2.  1.  1.  1.
   1.  1.  1.  2.  3.  3.  3.  3.  3.  3.  3.  3.  3.  3. 
   3.  3.  3.  3.  3.  3.  3.  3.  3.  3.  3.  3.  3.  3.  2.  2.  1.  1.
   1.  1.  2.  2.  3.  3.  3.  3.  3.  3.  3.  3.  3.  3. 
   3.  3.  3.  3.  3.  3.  3.  3.  3.  3.  3.  3.  3.  3.  3.  2.  2.  1.
   1.  2.  2.  3.  3.  3.  3.  3.  3.  3.  3.  3.  3.  3. 
   3.  3.  3.  3.  3.  3.  3.  3.  3.  3.  3.  3.  3.  3.  3.  3.  2.  2.
   2.  2.  3.  3.  3.  3.  3.  3.  3.  3.  3.  3.  3.  3. 
   3.  3.  3.  3.  3.  3.  3.  3.  3.  3.  3.  3.  3.  3.  3.  3.  3.  3.
   3.  3.  3.  3.  3.  3.  3.  3.  3.  3.  3.  3.  3.  3. 
   3.  3.  3.  3.  3.  3.  3.  3.  3.  3.  3.  3.  3.  3.  3.  3.  3.  3.
   3.  3.  3.  3.  3.  3.  3.  3.  3.  3.  3.  3.  3.  3. 
   3.  3.  3.  3.  3.  3.  3.  3.  3.  3.  3.  3.  3.  3.  3.  3.  3.  3.
   3.  3.  3.  3.  3.  3.  3.  3.  3.  3.  3.  3.  3.  3. 
   3.  3.  3.  3.  3.  3.  3.  3.  3.  3.  3.  3.  3.  3.  3.  3.  3.  3.
   3.  3.  3.  3.  3.  3.  3.  3.  3.  3.  3.  3.  3.  3. 
   3.  3.  3.  3.  3.  3.  3.  3.  3.  3.  3.  3.  3.  3.  3.  3.  3.  3.
   3.  3.  3.  3.  3.  3.  3.  3.  3.  3.  3.  3.  3.  3. 
   3.  3.  3.  3.  3.  3.  3.  3.  3.  3.  3.  3.  3.  3.  3.  3.  3.  3.
   3.  3.  3.  3.  3.  3.  3.  3.  3.  3.  3.  3.  3.  3. 
   3.  3.  3.  3.  3.  3.  3.  3.  3.  3.  3.  3.  3.  3.  3.  3.  3.  3.
   3.  3.  3.  3.  3.  3.  3.  3.  3.  3.  3.  3.  3.  3. 
   3.  3.  3.  3.  3.  3.  3.  3.  3.  3.  3.  3.  3.  3.  3.  3.  3.  3.
   3.  3.  3.  3.  3.  3.  3.  3.  3.  3.  3.  3.  3.  3. 
   3.  3.  3.  3.  3.  3.  3.  3.  3.  3.  3.  3.  3.  3.  3.  3.  3.  3.
   3.  3.  3.  3.  3.  3.  3.  3.  3.  3.  3.  3.  3.  3. 
   3.  3.  3.  3.  3.  3.  3.  3.  3.  3.  3.  3.  3.  3.  3.  3.  3.  3.
   3.  3.  3.  3.  3.  3.  3.  3.  3.  3.  3.  3.  3.  3.  
NORM
    0.5   1.    1.5   2.    2.5   3.    3.5   3.5   3.5   3.5   3.5   3.5
    3.5   3.5   3.5   3.5   3.5   3.5   3.5   3.5   3.5   3.5   3.5   3.5
    3.5   3.5   3.    2.5   2.    1.5   1.    0.5 
    1.    2.    3.    4.    5.    6.    7.    7.    7.    7.    7.    7.
    7.    7.    7.    7.    7.    7.    7.    7.    7.    7.    7.    7.
    7.    7.    6.    5.    4.    3.    2.    1.  
    1.5   3.    4.5   6.    7.5   9.   10.5  10.5  10.5  10.5  10.5  10.5
   10.5  10.5  10.5  10.5  10.5  10.5  10.5  10.5  10.5  10.5  10.5  10.5
   10.5  10.5   9.    7.5   6.    4.5   3.    1.5 
    2.    4.    6.    8.   10.   12.   14.   14.   14.   14.   14.   14.
   14.   14.   14.   14.   14.   14.   14.   14.   14.   14.   14.   14.
   14.   14.   12.   10.    8.    6.    4.    2.  
    2.5   5.    7.5  10.   12.5  15.   17.5  17.5  17.5  17.5  17.5  17.5
   17.5  17.5  17.5  17.5  17.5  17.5  17.5  17.5  17.5  17.5  17.5  17.5
   17.5  17.5  15.   12.5  10.    7.5   5.    2.5 
    3.    6.    9.   12.   15.   18.   21.   21.   21.   21.   21.   21.
   21.   21.   21.   21.   21.   21.   21.   21.   21.   21.   21.   21.
   21.   21.   18.   15.   12.    9.    6.    3.  
    3.5   7.   10.5  14.   17.5  21.   24.5  24.5  24.5  24.5  24.5  24.5
   24.5  24.5  24.5  24.5  24.5  24.5  24.5  24.5  24.5  24.5  24.5  24.5
   24.5  24.5  21.   17.5  14.   10.5   7.    3.5 
    3.5   7.   10.5  14.   17.5  21.   24.5  24.5  24.5  24.5  24.5  24.5
   24.5  24.5  24.5  24.5  24.5  24.5  24.5  24.5  24.5  24.5  24.5  24.5
   24.5  24.5  21.   17.5  14.   10.5   7.    3.5 
    3.5   7.   10.5  14.   17.5  21.   24.5  24.5  24.5  24.5  24.5  24.5
   24.5  24.5  24.5  24.5  24.5  24.5  24.5  24.5  24.5  24.5  24.5  24.5
   24.5  24.5  21.   17.5  14.   10.5   7.    3.5 
    3.5   7.   10.5  14.   17.5  21.   24.5  24.5  24.5  24.5  24.5  24.5
   24.5  24.   23.5  23.   22.5  22.5  22.5  22.5  23.   23.5  24.   24.5
   24.5  24.5  21.   17.5  14.   10.5   7.    3.5 
    3.5   7.   10.5  14.   17.5  21.   24.5  24.5  24.5  24.5  24.5  24.5
   24.   23.   22.5  22.   21.5  21.5  21.5  21.5  22.   22.5  23.   24.
   24.5  24.5  21.   17.5  14.   10.5   7.    3.5 
    3.5   7.   10.5  14.   17.5  21.   24.5  24.5  24.5  24.5  24.5  24.
   23.   22.   21.5  20.5  19.5  19.5  19.5  19.5  20.5  21.5  22.   23.
   24.   24.5  21.   17.5  14.   10.5   7.    3.5 
    3.5   7.   10.5  14.   17.5  21.   24.5  24.5  24.5  24.5  24.   23.
   22.   21.   20.   18.5  17.5  17.5  17.5  18.   19.   20.5  21.5  22.5
   23.5  24.5  21.   17.5  14.   10.5   7.    3.5 
    3.5   7.   10.5  14.   17.5  21.   24.5  24.5  24.5  24.5  23.5  22.5
   21.5  20.   18.5  17.   15.5  15.5  15.5  16.5  17.5  19.   20.5  22.
   23.   24.5  21.   17.5  14.   10.5   7.    3.5 
    3.5   7.   10.5  14.   17.5  21.   24.5  24.5  24.5  24.5  23.   22.
   20.5  18.5  17.   15.5  13.5  13.5  13.5  15.5  16.5  18.   19.5  21.5
   22.5  24.5  21.   17.5  14.   10.5   7.    3.5 
    3.5   7.   10.5  14.   17.5  21.   24.5  24.5  24.5  24.5  22.5  21.5
   19.5  17.5  15.5  13.5   9.5   8.5   8.5  12.5  14.5  16.5  18.5  21.
   22.   24.5  21.   17.5  14.   10.5   7.    3.5 
    3.5   7.   10.5  14.   17.5  21.   24.5  24.5  24.5  24.5  22.5  21.5
   19.5  17.5  15.5  13.5   8.5   5.5   5.5  11.5  13.5  15.5  17.5  20.5
   21.5  24.5  21.   17.5  14.   10.5   7.    3.5 
    3.5   7.   10.5  14.   17.5  21.   24.5  24.5  24.5  24.5  22.5  21.5
   19.5  17.5  15.5  13.5   8.5   5.5   5.5  11.5  13.5  15.5  17.5  20.5
   21.5  24.5  21.   17.5  14.   10.5   7.    3.5 
    3.5   7.   10.5  14.   17.5  21.   24.5  24.5  24.5  24.5  22.5  21.5
   19.5  17.5  15.5  13.5   9.5   8.5   8.5  12.5  14.5  16.5  18.5  21.
   22.   24.5  21.   17.5  14.   10.5   7.    3.5 
    3.5   7.   10.5  14.   17.5  21.   24.5  24.5  24.5  24.5  23.   22.
   20.5  18.5  17.   15.5  13.5  13.5  13.5  15.5  16.5  18.   19.5  21.5
   22.5  24.5  21.   17.5  14.   10.5   7.    3.5 
    3.5   7.   10.5  14.   17.5  21.   24.5  24.5  24.5  24.5  23.5  22.5
   21.5  20.   18.5  17.   15.5  15.5  15.5  16.5  17.5  19.   20.5  22.
   23.   24.5  21.   17.5  14.   10.5   7.    3.5 
    3.5   7.   10.5  14.   17.5  21.   24.5  24.5  24.5  24.5  24.   23.
   22.   21.   20.   18.5  17.5  17.5  17.5  18.   19.   20.5  21.5  22.5
   23.5  24.5  21.   17.5  14.   10.5   7.    3.5 
    3.5   7.   10.5  14.   17.5  21.   24.5  24.5  24.5  24.5  24.5  24.
   23.   22.   21.5  20.5  19.5  19.5  19.5  19.5  20.5  21.5  22.   23.
   24.   24.5  21.   17.5  14.   10.5   7.    3.5 
    3.5   7.   10.5  14.   17.5  21.   24.5  24.5  24.5  24.5  24.5  24.5
   24.   23.   22.5  22.   21.5  21.5  21.5  21.5  22.   22.5  23.   24.
   24.5  24.5  21.   17.5  14.   10.5   7.    3.5 
    3.5   7.   10.5  14.   17.5  21.   24.5  24.5  24.5  24.5  24.5  24.5
   24.5  24.   23.5  23.   22.5  22.5  22.5  22.5  23.   23.5  24.   24.5
   24.5  24.5  21.   17.5  14.   10.5   7.    3.5 
    3.5   7.   10.5  14.   17.5  21.   24.5  24.5  24.5  24.5  24.5  24.5
   24.5  24.5  24.5  24.5  24.5  24.5  24.5  24.5  24.5  24.5  24.5  24.5
   24.5  24.5  21.   17.5  14.   10.5   7.    3.5 
    3.    6.    9.   12.   15.   18.   21.   21.   21.   21.   21.   21.
   21.   21.   21.   21.   21.   21.   21.   21.   21.   21.   21.   21.
   21.   21.   18.   15.   12.    9.    6.    3.  
    2.5   5.    7.5  10.   12.5  15.   17.5  17.5  17.5  17.5  17.5  17.5
   17.5  17.5  17.5  17.5  17.5  17.5  17.5  17.5  17.5  17.5  17.5  17.5
   17.5  17.5  15.   12.5  10.    7.5   5.    2.5 
    2.    4.    6.    8.   10.   12.   14.   14.   14.   14.   14.   14.
   14.   14.   14.   14.   14.   14.   14.   14.   14.   14.   14.   14.
   14.   14.   12.   10.    8.    6.    4.    2.  
    1.5   3.    4.5   6.    7.5   9.   10.5  10.5  10.5  10.5  10.5  10.5
   10.5  10.5  10.5  10.5  10.5  10.5  10.5  10.5  10.5  10.5  10.5  10.5
   10.5  10.5   9.    7.5   6.    4.5   3.    1.5 
    1.    2.    3.    4.    5.    6.    7.    7.    7.    7.    7.    7.
    7.    7.    7.    7.    7.    7.    7.    7.    7.    7.    7.    7.
    7.    7.    6.    5.    4.    3.    2.    1.  
    0.5   1.    1.5   2.    2.5   3.    3.5   3.5   3.5   3.5   3.5   3.5
    3.5   3.5   3.5   3.5   3.5   3.5   3.5   3.5   3.5   3.5   3.5   3.5
    3.5   3.5   3.    2.5   2.    1.5   1.    0.5  
