IMG
   0.  0.  0.  0.  0.  0.  0.  0.  0.  0.  0.  0.  0.  0.  0.  0.  0.  0.
   0.  0.  0.  0.  0.  0.  0.  0.  0.  0.  0.  0.  0.  0. 
   0.  0.  0.  0.  0.  0.  0.  0.  0.  0.  0.  0.  0.  0.  0.  0.  0.  0.
   0.  0.  0.  0.  0.  0.  0.  0.  0.  0.  0.  0.  0.  0. 
   0.  0.  0.  0.  0.  0.  0.  0.  0.  0.  0.  0.  0.  0.  0.  0.  0.  0.
   0.  0.  0.  0.  0.  0.  0.  0.  0.  0.  0.  0.  0.  0. 
   0.  0.  0.  0.  0.  0.  0.  0.  0.  0.  0.  0.  0.  0.  0.  0.  0.  0.
   0.  0.  0.  0.  0.  0.  0.  0.  0.  0.  0.  0.  0.  0. 
   0.  0.  0.  0.  0.  0.  0.  0.  0.  0.  0.  0.  0.  0.  0.  0.  0.  0.
   0.  0.  0.  0.  0.  0.  0.  0.  0.  0.  0.  0.  0.  0. 
   0.  0.  0.  0.  0.  0.  0.  0.  0.  0.  0.  0.  0.  0.  0.  0.  0.  0.
   0.  0.  0.  0.  0.  0.  0.  0.  0.  0.  0.  0.  0.  0. 
   0.  0.  0.  0.  0.  0.  0.  0.  0.  0.  0.  0.  0.  0.  0.  0.  0.  0.
   0.  0.  0.  0.  0.  0.  0.  0.  0.  0.  0.  0.  0.  0. 
   0.  0.  0.  0.  0.  0.  0.  0.  0.  0.  0.  0.  0.  0.  0.  0.  0.  0.
   0.  0.  0.  0.  0.  0.  0.  0.  0.  0.  0.  0.  0.  0. 
   0.  0.  0.  0.  0.  0.  0.  0.  0.  0.  0.  0.  0.  0.  0.  0.  0.  0.
   0.  0.  0.  0.  0.  0.  0.  0.  0.  0.  0.  0.  0.  0. 
   0.  0.  0.  0.  0.  0.  0.  0.  0.  0.  0.  0.  0.  0.  0.  0.  0.  0.
   0.  0.  0.  0.  0.  0.  0.  0.  0.  0.  0.  0.  0.  0. 
   0.  0.  0.  0.  0.  0.  0.  0.  0.  0.  0.  0.  0.  0.  0.  0.  0.  0.
   0.  0.  0.  0.  0.  0.  0.  0.  0.  0.  0.  0.  0.  0. 
   0.  0.  0.  0.  0.  0.  0.  0.  0.  0.  0.  0.  0.  0.  0.  0.  0.  0.
   0.  0.  0.  0.  0.  0.  0.  0.  0.  0.  0.  0.  0.  0. 
   0.  0.  0.  0.  0.  0.  0.  0.  0.  0.  0.  0.  0.  0.  0.  0.  0.  0.
   0.  0.  0.  0.  0.  0.  0.  0.  0.  0.  0.  0.  0.  0. 
   0.  0.  0.  0.  0.  0.  0.  0.  0.  0.  0.  0.  0.  0.  0.  0.  0.  0.
   0.  0.  0.  0.  0.  0.  0.  0.  0.  0.  0.  0.  0.  0. 
   0.  0.  0.  0.  0.  0.  0.  0.  0.  0.  0.  0.  0.  0.  0.  0.  0.  0.
   0.  0.  0.  0.  0.  0.  0.  0.  0.  0.  0.  0.  0.  0. 
   0.  0.  0.  0.  0.  0.  0.  0.  0.  0.  0.  0.  0.  0.  0.  0.  0.  0.
   0.  0.  0.  0.  0.  0.  0.  0.  0.  0.  0.  0.  0.  0. 
   0.  0.  0.  0.  0.  0.  0.  0.  0.  0.  0.  0.  0.  0.  0.  0.  0.  0.
   0.  0.  0.  0.  0.  0.  0.  0.  0.  0.  0.  0.  0.  0. 
   0.  0.  0.  0.  0.  0.  0.  0.  0.  0.  0.  0.  0.  0.  0.  0.  0.  0.
   0.  0.  0.  0.  0.  0.  0.  0.  0.  0.  0.  0.  0.  0. 
   0.  0.  0.  0.  0.  0.  0.  0.  0.  0.  0.  0.  0.  0.  0.  0.  0.  0.
   0.  0.  0.  0.  0.  0.  0.  0.  0.  0.  0.  0.  0.  0. 
   0.  0.  0.  0.  0.  0.  0.  0.  0.  0.  0.  0.  0.  0.  0.  0.  0.  0.
   0.  0.  0.  0.  0.  0.  0.  0.  0.  0.  0.  0.  0.  0. 
   0.  0.  0.  0.  0.  0.  0.  0.  0.  0.  0.  0.  0.  0.  0.  0.  0.  0.
   0.  0.  0.  0.  0.  0.  0.  0.  0.  0.  0.  0.  0.  0. 
   0.  0.  0.  0.  0.  0.  0.  0.  0.  0.  0.  0.  0.  0.  0.  0.  0.  0.
   0.  0.  0.  0.  0.  0.  0.  0.  0.  0.  0.  0.  0.  0. 
   0.  0.  0.  0.  0.  0.  0.  0.  0.  0.  0.  0.  0.  0.  0.  0.  0.  0.
   0.  0.  0.  0.  0.  0.  0.  0.  0.  0.  0.  0.  0.  0. 
   0.  0.  0.  0.  0.  0.  0.  0.  0.  0.  0.  0.  0.  0.  0.  0.  0.  0.
   0.  0.  0.  0.  0.  0.  0.  0.  0.  0.  0.  0.  0.  0. 
   0.  0.  0.  0.  0.  0.  0.  0.  0.  0.  0.  0.  0.  0.  0.  0.  0.  0.
   0.  0.  0.  0.  0.  0.  0.  0.  0.  0.  0.  0.  0.  0. 
   0.  0.  0.  0.  0.  0.  0.  0.  0.  0.  0.  0.  0.  0.  0.  0.  0.  0.
   0.  0.  0.  0.  0.  0.  0.  0.  0.  0.  0.  0.  0.  0. 
   0.  0.  0.  0.  0.  0.  0.  0.  0.  0.  0.  0.  0.  0.  0.  0.  0.  0.
   0.  0.  0.  0.  0.  0.  0.  0.  0.  0.  0.  0.  0.  0. 
   0.  0.  0.  0.  0.  0.  0.  0.  0.  0.  0.  0.  0.  0.  0.  0.  0.  0.
   0.  0.  0.  0.  0.  0.  0.  0.  0.  0.  0.  0.  0.  0. 
   0.  0.  0.  0.  0.  0.  0.  0.  0.  0.  0.  0.  0.  0.  0.  0.  0.  0.
   0.  0.  0.  0.  0.  0.  0.  0.  0.  0.  0.  0.  0.  0. 
   0.  0.  0.  0.  0.  0.  0.  0.  0.  0.  0.  0.  0.  0.  0.  0.  0.  0.
   0.  0.  0.  0.  0.  0.  0.  0.  0.  0.  0.  0.  0.  0. 
   0.  0.  0.  0.  0.  0.  0.  0.  0.  0.  0.  0.  0.  0.  0.  0.  0.  0.
   0.  0.  0.  0.  0.  0.  0.  0.  0.  0.  0.  0.  0.  0. 
   0.  0.  0.  0.  0.  0.  0.  0.  0.  0.  0.  0.  0.  0.  0.  0.  0.  0.
   0.  0.  0.  0.  0.  0.  0.  0.  0.  0.  0.  0.  0.  0.  
BOX
   1.  1.  1.  1.  1.  1.  1.  1.  1.  1.  1.  1.  1.  1.  1.  1.  1.  1.
   1.  1.  1.  1.  1.  1.  1.  1.  1.  1.  1.  1.  1.  1. 
   1.  1.  1.  1.  1.  1.  1.  1.  1.  1.  1.  1.  1.  1.  1.  1.  1.  1.
   1.  1.  1.  1.  1.  1.  1.  1.  1.  1.  1.  1.  1.  1. 
   1.  1.  1.  1.  1.  1.  1.  1.  1.  1.  1.  1.  1.  1.  1.  1.  1.  1.
   1.  1.  1.  1.  1.  1.  1.  1.  1.  1.  1.  1.  1.  1. 
   1.  1.  1.  1.  1.  1.  1.  1.  1.  1.  1.  1.  1.  1.  1.  1.  1.  1.
   1.  1.  1.  1.  1.  1.  1.  1.  1.  1.  1.  1.  1.  1. 
   1.  1.  1.  1.  1.  1.  1.  1.  1.  1.  1.  1.  1.  1.  1.  1.  1.  1.
   1.  1.  1.  1.  1.  1.  1.  1.  1.  1.  1.  1.  1.  1. 
   1.  1.  1.  1.  1.  1.  1.  1.  1.  1.  1.  1.  1.  1.  1.  1.  1.  1.
   1.  1.  1.  1.  1.  1.  1.  1.  1.  1.  1.  1.  1.  1. 
   1.  1.  1.  1.  1.  1.  1.  1.  1.  1.  1.  1.  1.  1.  1.  1.  1.  1.
   1.  1.  1.  1.  1.  1.  1.  1.  1.  1.  1.  1.  1.  1. 
   1.  1.  1.  1.  1.  1.  1.  1.  1.  1.  1.  1.  1.  1.  1.  1.  1.  1.
   1.  1.  1.  1.  1.  1.  1.  1.  1.  1.  1.  1.  1.  1. 
   1.  1.  1.  1.  1.  1.  1.  1.  1.  1.  1.  1.  1.  1.  1.  1.  1.  1.
   1.  1.  1.  1.  1.  1.  1.  1.  1.  1.  1.  1.  1.  1. 
   1.  1.  1.  1.  1.  1.  1.  1.  1.  1.  1.  1.  1.  1.  1.  1.  1.  1.
   1.  1.  1.  1.  1.  1.  1.  1.  1.  1.  1.  1.  1.  1. 
   1.  1.  1.  1.  1.  1.  1.  1.  1.  1.  1.  1.  1.  1.  1.  1.  1.  1.
   1.  1.  1.  1.  1.  1.  1.  1.  1.  1.  1.  1.  1.  1. 
   1.  1.  1.  1.  1.  1.  1.  1.  1.  1.  1.  1.  1.  1.  1.  1.  1.  1.
   1.  1.  1.  1.  1.  1.  1.  1.  1.  1.  1.  1.  1.  1. 
   1.  1.  1.  1.  1.  1.  1.  1.  1.  1.  1.  1.  1.  1.  1.  1.  1.  1.
   1.  1.  1.  1.  1.  1.  1.  1.  1.  1.  1.  1.  1.  1. 
   1.  1.  1.  1.  1.  1.  1.  1.  1.  1.  1.  1.  1.  1.  1.  1.  1.  1.
   1.  1.  1.  1.  1.  1.  1.  1.  1.  1.  1.  1.  1.  1. 
   1.  1.  1.  1.  1.  1.  1.  1.  1.  1.  1.  1.  1.  1.  1.  1.  1.  1.
   1.  1.  1.  1.  1.  1.  1.  1.  1.  1.  1.  1.  1.  1. 
   1.  1.  1.  1.  1.  1.  1.  1.  1.  1.  1.  1.  1.  1.  1.  1.  1.  1.
   1.  1.  1.  1.  1.  1.  1.  1.  1.  1.  1.  1.  1.  1. 
   1.  1.  1.  1.  1.  1.  1.  1.  1.  1.  1.  1.  1.  1.  1.  1.  1.  1.
   1.  1.  1.  1.  1.  1.  1.  1.  1.  1.  1.  1.  1.  1. 
   1.  1.  1.  1.  1.  1.  1.  1.  1.  1.  1.  1.  1.  1.  1.  1.  1.  1.
   1.  1.  1.  1.  1.  1.  1.  1.  1.  1.  1.  1.  1.  1. 
   1.  1.  1.  1.  1.  1.  1.  1.  1.  1.  1.  1.  1.  1.  1.  1.  1.  1.
   1.  1.  1.  1.  1.  1.  1.  1.  1.  1.  1.  1.  1.  1. 
   1.  1.  1.  1.  1.  1.  1.  1.  1.  1.  1.  1.  1.  1.  1.  1.  1.  1.
   1.  1.  1.  1.  1.  1.  1.  1.  1.  1.  1.  1.  1.  1. 
   1.  1.  1.  1.  1.  1.  1.  1.  1.  1.  1.  1.  1.  1.  1.  1.  1.  1.
   1.  1.  1.  1.  1.  1.  1.  1.  1.  1.  1.  1.  1.  1. 
   1.  1.  1.  1.  1.  1.  1.  1.  1.  1.  1.  1.  1.  1.  1.  1.  1.  1.
   1.  1.  1.  1.  1.  1.  1.  1.  1.  1.  1.  1.  1.  1. 
   1.  1.  1.  1.  1.  1.  1.  1.  1.  1.  1.  1.  1.  1.  1.  1.  1.  1.
   1.  1.  1.  1.  1.  1.  1.  1.  1.  1.  1.  1.  1.  1. 
   1.  1.  1.  1.  1.  1.  1.  1.  1.  1.  1.  1.  1.  1.  1.  1.  1.  1.
   1.  1.  1.  1.  1.  1.  1.  1.  1.  1.  1.  1.  1.  1. 
   1.  1.  1.  1.  1.  1.  1.  1.  1.  1.  1.  1.  1.  1.  1.  1.  1.  1.
   1.  1.  1.  1.  1.  1.  1.  1.  1.  1.  1.  1.  1.  1. 
   1.  1.  1.  1.  1.  1.  1.  1.  1.  1.  1.  1.  1.  1.  1.  1.  1.  1.
   1.  1.  1.  1.  1.  1.  1.  1.  1.  1.  1.  1.  1.  1. 
   1.  1.  1.  1.  1.  1.  1.  1.  1.  1.  1.  1.  1.  1.  1.  1.  1.  1.
   1.  1.  1.  1.  1.  1.  1.  1.  1.  1.  1.  1.  1.  1. 
   1.  1.  1.  1.  1.  1.  1.  1.  1.  1.  1.  1.  1.  1.  1.  1.  1.  1.
   1.  1.  1.  1.  1.  1.  1.  1.  1.  1.  1.  1.  1.  1. 
   1.  1.  1.  1.  1.  1.  1.  1.  1.  1.  1.  1.  1.  1.  1.  1.  1.  1.
   1.  1.  1.  1.  1.  1.  1.  1.  1.  1.  1.  1.  1.  1. 
   1.  1.  1.  1.  1.  1.  1.  1.  1.  1.  1.  1.  1.  1.  1.  1.  1.  1.
   1.  1.  1.  1.  1.  1.  1.  1.  1.  1.  1.  1.  1.  1. 
   1.  1.  1.  1.  1.  1.  1.  1.  1.  1.  1.  1.  1.  1.  1.  1.  1.  1.
   1.  1.  1.  1.  1.  1.  1.  1.  1.  1.  1.  1.  1.  1. 
   1.  1.  1.  1.  1.  1.  1.  1.  1.  1.  1.  1.  1.  1.  1.  1.  1.  1.
   1.  1.  1.  1.  1.  1.  1.  1.  1.  1.  1.  1.  1.  1.  
NORM
   0.11111111  0.22222222  0.33333334  0.33333334  0.33333334  0.33333334
   0.33333334  0.33333334  0.33333334  0.33333334  0.33333334  0.33333334
   0.33333334  0.33333334  0.33333334  0.33333334  0.33333334  0.33333334
   0.33333334  0.33333334  0.33333334  0.33333334  0.33333334  0.33333334
   0.33333334  0.33333334  0.33333334  0.33333334  0.33333334  0.33333334
   0.22222222  0.11111111 
   0.22222222  0.44444445  0.66666669  0.66666669  0.66666669  0.66666669
   0.66666669  0.66666669  0.66666669  0.66666669  0.66666669  0.66666669
   0.66666669  0.66666669  0.66666669  0.66666669  0.66666669  0.66666669
   0.66666669  0.66666669  0.66666669  0.66666669  0.66666669  0.66666669
   0.66666669  0.66666669  0.66666669  0.66666669  0.66666669  0.66666669
   0.44444445  0.22222222 
   0.33333334  0.66666669  1.          1.          1.          1.          1.
   1.          1.          1.          1.          1.          1.          1.
   1.          1.          1.          1.          1.          1.          1.
   1.          1.          1.          1.          1.          1.          1.
   1.          1.          0.66666669  0.33333334 
   0.33333334  0.66666669  1.          1.          1.          1.          1.
   1.          1.          1.          1.          1.          1.          1.
   1.          1.          1.          1.          1.          1.          1.
   1.          1.          1.          1.          1.          1.          1.
   1.          1.          0.66666669  0.33333334 
   0.33333334  0.66666669  1.          1.          1.          1.          1.
   1.          1.          1.          1.          1.          1.          1.
   1.          1.          1.          1.          1.          1.          1.
   1.          1.          1.          1.          1.          1.          1.
   1.          1.          0.66666669  0.33333334 
   0.33333334  0.66666669  1.          1.          1.          1.          1.
   1.          1.          1.          1.          1.          1.          1.
   1.          1.          1.          1.          1.          1.          1.
   1.          1.          1.          1.          1.          1.          1.
   1.          1.          0.66666669  0.33333334 
   0.33333334  0.66666669  1.          1.          1.          1.          1.
   1.          1.          1.          1.          1.          1.          1.
   1.          1.          1.          1.          1.          1.          1.
   1.          1.          1.          1.          1.          1.          1.
   1.          1.          0.66666669  0.33333334 
   0.33333334  0.66666669  1.          1.          1.          1.          1.
   1.          1.          1.          1.          1.          1.          1.
   1.          1.          1.          1.          1.          1.          1.
   1.          1.          1.          1.          1.          1.          1.
   1.          1.          0.66666669  0.33333334 
   0.33333334  0.66666669  1.          1.          1.          1.          1.
   1.          1.          1.          1.          1.          1.          1.
   1.          1.          1.          1.          1.          1.          1.
   1.          1.          1.          1.          1.          1.          1.
   1.          1.          0.66666669  0.33333334 
   0.33333334  0.66666669  1.          1.          1.          1.          1.
   1.          1.          1.          1.          1.          1.          1.
   1.          1.          1.          1.          1.          1.          1.
   1.          1.          1.          1.          1.          1.          1.
   1.          1.          0.66666669  0.33333334 
   0.33333334  0.66666669  1.          1.          1.          1.          1.
   1.          1.          1.          1.          1.          1.          1.
   1.          1.          1.          1.          1.          1.          1.
   1.          1.          1.          1.          1.          1.          1.
   1.          1.          0.66666669  0.33333334 
   0.33333334  0.66666669  1.          1.          1.          1.          1.
   1.          1.          1.          1.          1.          1.          1.
   1.          1.          1.          1.          1.          1.          1.
   1.          1.          1.          1.          1.          1.          1.
   1.          1.          0.66666669  0.33333334 
   0.33333334  0.66666669  1.          1.          1.          1.          1.
   1.          1.          1.          1.          1.          1.          1.
   1.          1.          1.          1.          1.          1.          1.
   1.          1.          1.          1.          1.          1.          1.
   1.          1.          0.66666669  0.33333334 
   0.33333334  0.66666669  1.          1.          1.          1.          1.
   1.          1.          1.          1.          1.          1.          1.
   1.          1.          1.          1.          1.          1.          1.
   1.          1.          1.          1.          1.          1.          1.
   1.          1.          0.66666669  0.33333334 
   0.33333334  0.66666669  1.          1.          1.          1.          1.
   1.          1.          1.          1.          1.          1.          1.
   1.          1.          1.          1.          1.          1.          1.
   1.          1.          1.          1.          1.          1.          1.
   1.          1.          0.66666669  0.33333334 
   0.33333334  0.66666669  1.          1.          1.          1.          1.
   1.          1.          1.          1.          1.          1.          1.
   1.          1.          1.          1.          1.          1.          1.
   1.          1.          1.          1.          1.          1.          1.
   1.          1.          0.66666669  0.33333334 
   0.33333334  0.66666669  1.          1.          1.          1.          1.
   1.          1.          1.          1.          1.          1.          1.
   1.          1.          1.          1.          1.          1.          1.
   1.          1.          1.          1.          1.          1.          1.
   1.          1.          0.66666669  0.33333334 
   0.33333334  0.66666669  1.          1.          1.          1.          1.
   1.          1.          1.          1.          1.          1.          1.
   1.          1.          1.          1.          1.          1.          1.
   1.          1.          1.          1.          1.          1.          1.
   1.          1.          0.66666669  0.33333334 
   0.33333334  0.66666669  1.          1.          1.          1.          1.
   1.          1.          1.          1.          1.          1.          1.
   1.          1.          1.          1.          1.          1.          1.
   1.          1.          1.          1.          1.          1.          1.
   1.          1.          0.66666669  0.33333334 
   0.33333334  0.66666669  1.          1.          1.          1.          1.
   1.          1.          1.          1.          1.          1.          1.
   1.          1.          1.          1.          1.          1.          1.
   1.          1.          1.          1.          1.          1.          1.
   1.          1.          0.66666669  0.33333334 
   0.33333334  0.66666669  1.          1.          1.          1.          1.
   1.          1.          1.          1.          1.          1.          1.
   1.          1.          1.          1.          1.          1.          1.
   1.          1.          1.          1.          1.          1.          1.
   1.          1.          0.66666669  0.33333334 
   0.33333334  0.66666669  1.          1.          1.          1.          1.
   1.          1.          1.          1.          1.          1.          1.
   1.          1.          1.          1.          1.          1.          1.
   1.          1.          1.          1.          1.          1.          1.
   1.          1.          0.66666669  0.33333334 
   0.33333334  0.66666669  1.          1.          1.          1.          1.
   1.          1.          1.          1.          1.          1.          1.
   1.          1.          1.          1.          1.          1.          1.
   1.          1.          1.          1.          1.          1.          1.
   1.          1.          0.66666669  0.33333334 
   0.33333334  0.66666669  1.          1.          1.          1.          1.
   1.          1.          1.          1.          1.          1.          1.
   1.          1.          1.          1.          1.          1.          1.
   1.          1.          1.          1.          1.          1.          1.
   1.          1.          0.66666669  0.33333334 
   0.33333334  0.66666669  1.          1.          1.          1.          1.
   1.          1.          1.          1.          1.          1.          1.
   1.          1.          1.          1.          1.          1.          1.
   1.          1.          1.          1.          1.          1.          1.
   1.          1.          0.66666669  0.33333334 
   0.33333334  0.66666669  1.          1.          1.          1.          1.
   1.          1.          1.          1.          1.          1.          1.
   1.          1.          1.          1.          1.          1.          1.
   1.          1.          1.          1.          1.          1.          1.
   1.          1.          0.66666669  0.33333334 
   0.33333334  0.66666669  1.          1.          1.          1.          1.
   1.          1.          1.          1.          1.          1.          1.
   1.          1.          1.          1.          1.          1.          1.
   1.          1.          1.          1.          1.          1.          1.
   1.          1.          0.66666669  0.33333334 
   0.33333334  0.66666669  1.          1.          1.          1.          1.
   1.          1.          1.          1.          1.          1.          1.
   1.          1.          1.          1.          1.          1.          1.
   1.          1.          1.          1.          1.          1.          1.
   1.          1.          0.66666669  0.33333334 
   0.33333334  0.66666669  1.          1.          1.          1.          1.
   1.          1.          1.          1.          1.          1.          1.
   1.          1.          1.          1.          1.          1.          1.
   1.          1.          1.          1.          1.          1.          1.
   1.          1.          0.66666669  0.33333334 
   0.33333334  0.66666669  1.          1.          1.          1.          1.
   1.          1.          1.          1.          1.          1.          1.
   1.          1.          1.          1.          1.          1.          1.
   1.          1.          1.          1.          1.          1.          1.
   1.          1.          0.66666669  0.33333334 
   0.22222222  0.44444445  0.66666669  0.66666669  0.66666669  0.66666669
   0.66666669  0.66666669  0.66666669  0.66666669  0.66666669  0.66666669
   0.66666669  0.66666669  0.66666669  0.66666669  0.66666669  0.66666669
   0.66666669  0.66666669  0.66666669  0.66666669  0.66666669  0.66666669
   0.66666669  0.66666669  0.66666669  0.66666669  0.66666669  0.66666669
   0.44444445  0.22222222 
   0.11111111  0.22222222  0.33333334  0.33333334  0.33333334  0.33333334
   0.33333334  0.33333334  0.33333334  0.33333334  0.33333334  0.33333334
   0.33333334  0.33333334  0.33333334  0.33333334  0.33333334  0.33333334
   0.33333334  0.33333334  0.33333334  0.33333334  0.33333334  0.33333334
   0.33333334  0.33333334  0.33333334  0.33333334  0.33333334  0.33333334
   0.22222222  0.11111111  
