IMG
   0.          0.          0.          0.          0.          0.          0.
   0.          0.          0.          0.          0.          0.          0.
   0.          0.          0.          0.          0.          0.          0.
   0.          0.          0.          0.          0.          0.          0.
   0.          0.          0.          0.         
   0.          0.          0.          0.          0.          0.          0.
   0.          0.          0.          0.          0.          0.          0.
   0.          0.          0.          0.          0.          0.          0.
   0.          0.          0.          0.          0.          0.          0.
   0.          0.          0.          0.         
   0.          0.          0.          0.          0.          0.          0.
   0.          0.          0.          0.          0.          0.          0.
   0.          0.          0.          0.          0.          0.          0.
   0.          0.          0.          0.          0.          0.          0.
   0.          0.          0.          0.         
   0.          0.          0.          0.          0.          0.          0.
   0.          0.          0.          0.          0.          0.          0.
   0.          0.          0.          0.          0.          0.          0.
   0.          0.          0.          0.          0.          0.          0.
   0.          0.          0.          0.         
   0.          0.          0.          0.          0.          0.          0.
   0.          0.          0.          0.          0.          0.          0.
   0.          0.          0.          0.          0.          0.          0.
   0.          0.          0.          0.          0.          0.          0.
   0.          0.          0.          0.         
   0.          0.          0.          0.          0.          0.          0.
   0.          0.          0.          0.          0.          0.          0.
   0.          0.          0.          0.          0.          0.          0.
   0.          0.          0.          0.          0.          0.          0.
   0.          0.          0.          0.         
   0.          0.          0.          0.          0.          0.          0.
   0.          0.          0.          0.          0.          0.          0.
   0.          0.          0.          0.          0.          0.          0.
   0.          0.          0.          0.          0.          0.          0.
   0.          0.          0.          0.         
   0.          0.          0.          0.          0.          0.          0.
   0.          0.          0.          0.          0.          0.          0.
   0.          0.          0.          0.          0.          0.          0.
   0.          0.          0.          0.          0.          0.          0.
   0.          0.          0.          0.         
   0.          0.          0.          0.          0.          0.          0.
   0.          0.          0.          0.          0.          0.          0.
   0.          0.          0.          0.          0.00392157  0.          0.
   0.          0.          0.          0.          0.          0.          0.
   0.          0.          0.          0.         
   0.          0.          0.          0.          0.          0.          0.
   0.          0.          0.          0.          0.          0.          0.
   0.          0.          0.          0.          0.          0.          0.
   0.          0.          0.          0.          0.          0.          0.
   0.          0.          0.          0.         
   0.          0.          0.          0.          0.          0.          0.
   0.          0.          0.          0.          0.          0.          0.
   0.00392157  0.          0.          0.          0.          0.          0.
   0.          0.          0.          0.          0.          0.          0.
   0.          0.          0.          0.         
   0.          0.          0.          0.          0.          0.          0.
   0.          0.          0.          0.          0.          0.          0.
   0.          0.          0.          0.          0.          0.          0.
   0.          0.00392157  0.          0.          0.          0.          0.
   0.          0.          0.          0.         
   0.          0.          0.          0.          0.          0.          0.
   0.          0.          0.          0.          0.          0.          0.
   0.          0.          0.          0.01960784  0.          0.          0.
   0.          0.          0.          0.          0.          0.          0.
   0.          0.          0.          0.         
   0.          0.          0.          0.          0.          0.          0.
   0.          0.          0.          0.          0.          0.          0.
   0.00392157  0.01176471  0.16862746  0.16470589  0.          0.          0.
   0.          0.          0.          0.          0.          0.          0.
   0.          0.          0.          0.         
   0.          0.          0.          0.          0.          0.          0.
   0.          0.          0.          0.          0.          0.
   0.00392157  0.05098039  0.32549021  0.60000002  0.51372552  0.14509805
   0.          0.          0.          0.          0.          0.          0.
   0.          0.          0.          0.          0.          0.         
   0.          0.          0.          0.          0.          0.          0.
   0.          0.          0.          0.          0.          0.          0.
   0.0627451   0.45882353  0.70588237  0.66666669  0.22745098  0.05882353
   0.          0.          0.          0.          0.          0.          0.
   0.          0.          0.          0.          0.         
   0.          0.          0.          0.          0.          0.          0.
   0.          0.          0.          0.          0.          0.          0.
   0.          0.16470589  0.3764706   0.34117648  0.11372549  0.          0.
   0.          0.          0.          0.          0.          0.          0.
   0.          0.          0.          0.         
   0.          0.          0.          0.          0.          0.          0.
   0.          0.          0.          0.          0.          0.          0.
   0.          0.          0.11764706  0.04313726  0.          0.          0.
   0.          0.          0.          0.          0.          0.          0.
   0.          0.          0.          0.         
   0.          0.          0.          0.          0.          0.          0.
   0.          0.          0.          0.          0.          0.          0.
   0.          0.          0.          0.          0.          0.          0.
   0.          0.          0.          0.          0.          0.          0.
   0.          0.          0.          0.         
   0.          0.          0.          0.          0.          0.          0.
   0.          0.          0.          0.          0.          0.          0.
   0.          0.          0.          0.          0.          0.          0.
   0.          0.          0.          0.          0.          0.          0.
   0.          0.          0.          0.         
   0.          0.          0.          0.          0.          0.          0.
   0.          0.          0.          0.          0.          0.          0.
   0.          0.          0.          0.          0.          0.          0.
   0.          0.          0.          0.          0.          0.          0.
   0.          0.          0.          0.         
   0.          0.          0.          0.          0.          0.          0.
   0.          0.          0.          0.          0.          0.          0.
   0.          0.          0.          0.          0.          0.
   0.00392157  0.          0.          0.          0.          0.          0.
   0.          0.          0.          0.          0.         
   0.          0.          0.          0.          0.          0.          0.
   0.          0.          0.          0.          0.          0.          0.
   0.          0.          0.          0.          0.          0.          0.
   0.          0.          0.          0.          0.          0.          0.
   0.          0.          0.          0.         
   0.          0.          0.          0.          0.          0.          0.
   0.          0.00392157  0.          0.          0.          0.          0.
   0.          0.          0.          0.          0.          0.          0.
   0.          0.          0.          0.          0.          0.          0.
   0.          0.          0.          0.         
   0.          0.          0.          0.          0.          0.          0.
   0.          0.          0.          0.          0.          0.          0.
   0.          0.          0.          0.          0.          0.          0.
   0.          0.          0.          0.          0.          0.          0.
   0.          0.          0.          0.         
   0.          0.          0.          0.          0.          0.          0.
   0.          0.          0.          0.          0.          0.          0.
   0.          0.          0.          0.          0.          0.          0.
   0.          0.          0.          0.          0.          0.          0.
   0.          0.          0.          0.         
   0.          0.          0.          0.          0.          0.          0.
   0.          0.          0.          0.          0.          0.          0.
   0.          0.          0.          0.          0.          0.          0.
   0.          0.          0.          0.          0.          0.          0.
   0.          0.          0.          0.         
   0.          0.          0.          0.          0.          0.          0.
   0.          0.          0.          0.          0.          0.          0.
   0.          0.          0.          0.          0.          0.          0.
   0.          0.          0.          0.          0.          0.          0.
   0.          0.          0.          0.         
   0.          0.          0.          0.          0.          0.          0.
   0.          0.          0.          0.          0.          0.          0.
   0.          0.          0.          0.          0.          0.          0.
   0.          0.          0.          0.          0.          0.          0.
   0.          0.          0.          0.         
   0.          0.          0.          0.          0.          0.          0.
   0.          0.          0.          0.          0.          0.          0.
   0.          0.          0.          0.          0.          0.          0.
   0.          0.          0.          0.          0.          0.          0.
   0.          0.          0.          0.         
   0.          0.          0.          0.          0.          0.          0.
   0.          0.          0.          0.          0.          0.          0.
   0.          0.          0.          0.          0.          0.          0.
   0.          0.          0.          0.          0.          0.          0.
   0.          0.          0.          0.         
   0.          0.          0.          0.          0.          0.          0.
   0.          0.          0.          0.          0.          0.          0.
   0.          0.          0.          0.          0.          0.          0.
   0.          0.          0.          0.          0.          0.          0.
   0.          0.          0.          0.          
BOX
   1.  1.  1.  1.  1.  1.  1.  1.  1.  1.  1.  1.  1.  1.  1.  1.  1.  1.
   1.  1.  1.  1.  1.  1.  1.  1.  1.  1.  1.  1.  1.  1. 
   1.  1.  1.  1.  1.  1.  1.  1.  1.  1.  1.  1.  1.  1.  1.  1.  1.  1.
   1.  1.  1.  1.  1.  1.  1.  1.  1.  1.  1.  1.  1.  1. 
   1.  1.  1.  1.  1.  1.  1.  1.  1.  1.  1.  1.  1.  1.  1.  1.  1.  1.
   1.  1.  1.  1.  1.  1.  1.  1.  1.  1.  1.  1.  1.  1. 
   1.  1.  1.  1.  1.  1.  1.  1.  1.  1.  1.  1.  1.  1.  1.  1.  1.  1.
   1.  1.  1.  1.  1.  1.  1.  1.  1.  1.  1.  1.  1.  1. 
   1.  1.  1.  1.  1.  1.  1.  1.  1.  1.  1.  1.  1.  1.  1.  1.  1.  1.
   1.  1.  1.  1.  1.  1.  1.  1.  1.  1.  1.  1.  1.  1. 
   1.  1.  1.  1.  1.  1.  1.  1.  1.  1.  1.  1.  1.  1.  1.  1.  1.  1.
   1.  1.  1.  1.  1.  1.  1.  1.  1.  1.  1.  1.  1.  1. 
   1.  1.  1.  1.  1.  1.  1.  1.  1.  1.  1.  1.  1.  1.  1.  1.  1.  1.
   1.  1.  1.  1.  1.  1.  1.  1.  1.  1.  1.  1.  1.  1. 
   1.  1.  1.  1.  1.  1.  1.  1.  1.  1.  1.  1.  1.  1.  1.  1.  1.  1.
   1.  1.  1.  1.  1.  1.  1.  1.  1.  1.  1.  1.  1.  1. 
   1.  1.  1.  1.  1.  1.  1.  1.  1.  1.  1.  1.  1.  1.  1.  1.  1.  1.
   1.  1.  1.  1.  1.  1.  1.  1.  1.  1.  1.  1.  1.  1. 
   1.  1.  1.  1.  1.  1.  1.  1.  1.  1.  1.  1.  1.  1.  1.  1.  1.  1.
   1.  1.  1.  1.  1.  1.  1.  1.  1.  1.  1.  1.  1.  1. 
   1.  1.  1.  1.  1.  1.  1.  1.  1.  1.  1.  1.  1.  1.  1.  1.  1.  1.
   1.  1.  1.  1.  1.  1.  1.  1.  1.  1.  1.  1.  1.  1. 
   1.  1.  1.  1.  1.  1.  1.  1.  1.  1.  1.  1.  1.  1.  1.  1.  1.  1.
   1.  1.  1.  1.  1.  1.  1.  1.  1.  1.  1.  1.  1.  1. 
   1.  1.  1.  1.  1.  1.  1.  1.  1.  1.  1.  1.  1.  1.  1.  1.  1.  1.
   1.  1.  1.  1.  1.  1.  1.  1.  1.  1.  1.  1.  1.  1. 
   1.  1.  1.  1.  1.  1.  1.  1.  1.  1.  1.  1.  1.  1.  1.  1.  1.  1.
   1.  1.  1.  1.  1.  1.  1.  1.  1.  1.  1.  1.  1.  1. 
   1.  1.  1.  1.  1.  1.  1.  1.  1.  1.  1.  1.  1.  1.  1.  1.  1.  1.
   1.  1.  1.  1.  1.  1.  1.  1.  1.  1.  1.  1.  1.  1. 
   1.  1.  1.  1.  1.  1.  1.  1.  1.  1.  1.  1.  1.  1.  1.  1.  1.  1.
   1.  1.  1.  1.  1.  1.  1.  1.  1.  1.  1.  1.  1.  1. 
   1.  1.  1.  1.  1.  1.  1.  1.  1.  1.  1.  1.  1.  1.  1.  1.  1.  1.
   1.  1.  1.  1.  1.  1.  1.  1.  1.  1.  1.  1.  1.  1. 
   1.  1.  1.  1.  1.  1.  1.  1.  1.  1.  1.  1.  1.  1.  1.  1.  1.  1.
   1.  1.  1.  1.  1.  1.  1.  1.  1.  1.  1.  1.  1.  1. 
   1.  1.  1.  1.  1.  1.  1.  1.  1.  1.  1.  1.  1.  1.  1.  1.  1.  1.
   1.  1.  1.  1.  1.  1.  1.  1.  1.  1.  1.  1.  1.  1. 
   1.  1.  1.  1.  1.  1.  1.  1.  1.  1.  1.  1.  1.  1.  1.  1.  1.  1.
   1.  1.  1.  1.  1.  1.  1.  1.  1.  1.  1.  1.  1.  1. 
   1.  1.  1.  1.  1.  1.  1.  1.  1.  1.  1.  1.  1.  1.  1.  1.  1.  1.
   1.  1.  1.  1.  1.  1.  1.  1.  1.  1.  1.  1.  1.  1. 
   1.  1.  1.  1.  1.  1.  1.  1.  1.  1.  1.  1.  1.  1.  1.  1.  1.  1.
   1.  1.  1.  1.  1.  1.  1.  1.  1.  1.  1.  1.  1.  1. 
   1.  1.  1.  1.  1.  1.  1.  1.  1.  1.  1.  1.  1.  1.  1.  1.  1.  1.
   1.  1.  1.  1.  1.  1.  1.  1.  1.  1.  1.  1.  1.  1. 
   1.  1.  1.  1.  1.  1.  1.  1.  1.  1.  1.  1.  1.  1.  1.  1.  1.  1.
   1.  1.  1.  1.  1.  1.  1.  1.  1.  1.  1.  1.  1.  1. 
   1.  1.  1.  1.  1.  1.  1.  1.  1.  1.  1.  1.  1.  1.  1.  1.  1.  1.
   1.  1.  1.  1.  1.  1.  1.  1.  1.  1.  1.  1.  1.  1. 
   1.  1.  1.  1.  1.  1.  1.  1.  1.  1.  1.  1.  1.  1.  1.  1.  1.  1.
   1.  1.  1.  1.  1.  1.  1.  1.  1.  1.  1.  1.  1.  1. 
   1.  1.  1.  1.  1.  1.  1.  1.  1.  1.  1.  1.  1.  1.  1.  1.  1.  1.
   1.  1.  1.  1.  1.  1.  1.  1.  1.  1.  1.  1.  1.  1. 
   1.  1.  1.  1.  1.  1.  1.  1.  1.  1.  1.  1.  1.  1.  1.  1.  1.  1.
   1.  1.  1.  1.  1.  1.  1.  1.  1.  1.  1.  1.  1.  1. 
   1.  1.  1.  1.  1.  1.  1.  1.  1.  1.  1.  1.  1.  1.  1.  1.  1.  1.
   1.  1.  1.  1.  1.  1.  1.  1.  1.  1.  1.  1.  1.  1. 
   1.  1.  1.  1.  1.  1.  1.  1.  1.  1.  1.  1.  1.  1.  1.  1.  1.  1.
   1.  1.  1.  1.  1.  1.  1.  1.  1.  1.  1.  1.  1.  1. 
   1.  1.  1.  1.  1.  1.  1.  1.  1.  1.  1.  1.  1.  1.  1.  1.  1.  1.
   1.  1.  1.  1.  1.  1.  1.  1.  1.  1.  1.  1.  1.  1. 
   1.  1.  1.  1.  1.  1.  1.  1.  1.  1.  1.  1.  1.  1.  1.  1.  1.  1.
   1.  1.  1.  1.  1.  1.  1.  1.  1.  1.  1.  1.  1.  1.  
NORM
   0.11111111  0.22222222  0.33333333  0.33333333  0.33333333  0.33333333
   0.33333333  0.33333333  0.33333333  0.33333333  0.33333333  0.33333333
   0.33333333  0.33333333  0.33333333  0.33333333  0.33333333  0.33333333
   0.33333333  0.33333333  0.33333333  0.33333333  0.33333333  0.33333333
   0.33333333  0.33333333  0.33333333  0.33333333  0.33333333  0.33333333
   0.22222222  0.11111111 
   0.22222222  0.44444444  0.66666667  0.66666667  0.66666667  0.66666667
   0.66666667  0.66666667  0.66666667  0.66666667  0.66666667  0.66666667
   0.66666667  0.66666667  0.66666667  0.66666667  0.66666667  0.66666667
   0.66666667  0.66666667  0.66666667  0.66666667  0.66666667  0.66666667
   0.66666667  0.66666667  0.66666667  0.66666667  0.66666667  0.66666667
   0.44444444  0.22222222 
   0.33333333  0.66666667  1.          1.          1.          1.          1.
   1.          1.          1.          1.          1.          1.          1.
   1.          1.          1.          1.          1.          1.          1.
   1.          1.          1.          1.          1.          1.          1.
   1.          1.          0.66666667  0.33333333 
   0.33333333  0.66666667  1.          1.          1.          1.          1.
   1.          1.          1.          1.          1.          1.          1.
   1.          1.          1.          1.          1.          1.          1.
   1.          1.          1.          1.          1.          1.          1.
   1.          1.          0.66666667  0.33333333 
   0.33333333  0.66666667  1.          1.          1.          1.          1.
   1.          1.          1.          1.          1.          1.          1.
   1.          1.          1.          1.          1.          1.          1.
   1.          1.          1.          1.          1.          1.          1.
   1.          1.          0.66666667  0.33333333 
   0.33333333  0.66666667  1.          1.          1.          1.          1.
   1.          1.          1.          1.          1.          1.          1.
   1.          1.          1.          1.          1.          1.          1.
   1.          1.          1.          1.          1.          1.          1.
   1.          1.          0.66666667  0.33333333 
   0.33333333  0.66666667  1.          1.          1.          1.          1.
   1.          1.          1.          1.          1.          1.          1.
   1.          1.          1.          1.          1.          1.          1.
   1.          1.          1.          1.          1.          1.          1.
   1.          1.          0.66666667  0.33333333 
   0.33333333  0.66666667  1.          1.          1.          1.          1.
   1.          1.          1.          1.          1.          1.          1.
   1.          1.          1.          1.          1.          1.          1.
   1.          1.          1.          1.          1.          1.          1.
   1.          1.          0.66666667  0.33333333 
   0.33333333  0.66666667  1.          1.          1.          1.          1.
   1.          1.          1.          1.          1.          1.          1.
   1.          1.          1.          1.          1.          1.          1.
   1.          1.          1.          1.          1.          1.          1.
   1.          1.          0.66666667  0.33333333 
   0.33333333  0.66666667  1.          1.          1.          1.          1.
   1.          1.          1.          1.          1.          1.          1.
   1.          1.          1.          1.          1.          1.          1.
   1.          1.          1.          1.          1.          1.          1.
   1.          1.          0.66666667  0.33333333 
   0.33333333  0.66666667  1.          1.          1.          1.          1.
   1.          1.          1.          1.          1.          1.          1.
   1.          1.          1.          1.          1.          1.          1.
   1.          1.          1.          1.          1.          1.          1.
   1.          1.          0.66666667  0.33333333 
   0.33333333  0.66666667  1.          1.          1.          1.          1.
   1.          1.          1.          1.          1.          1.          1.
   1.          1.          1.          1.          1.          1.          1.
   1.          1.          1.          1.          1.          1.          1.
   1.          1.          0.66666667  0.33333333 
   0.33333333  0.66666667  1.          1.          1.          1.          1.
   1.          1.          1.          1.          1.          1.          1.
   1.          1.          1.          1.          1.          1.          1.
   1.          1.          1.          1.          1.          1.          1.
   1.          1.          0.66666667  0.33333333 
   0.33333333  0.66666667  1.          1.          1.          1.          1.
   1.          1.          1.          1.          1.          1.          1.
   1.          1.          1.          1.          1.          1.          1.
   1.          1.          1.          1.          1.          1.          1.
   1.          1.          0.66666667  0.33333333 
   0.33333333  0.66666667  1.          1.          1.          1.          1.
   1.          1.          1.          1.          1.          1.          1.
   1.          1.          1.          1.          1.          1.          1.
   1.          1.          1.          1.          1.          1.          1.
   1.          1.          0.66666667  0.33333333 
   0.33333333  0.66666667  1.          1.          1.          1.          1.
   1.          1.          1.          1.          1.          1.          1.
   1.          1.          1.          1.          1.          1.          1.
   1.          1.          1.          1.          1.          1.          1.
   1.          1.          0.66666667  0.33333333 
   0.33333333  0.66666667  1.          1.          1.          1.          1.
   1.          1.          1.          1.          1.          1.          1.
   1.          1.          1.          1.          1.          1.          1.
   1.          1.          1.          1.          1.          1.          1.
   1.          1.          0.66666667  0.33333333 
   0.33333333  0.66666667  1.          1.          1.          1.          1.
   1.          1.          1.          1.          1.          1.          1.
   1.          1.          1.          1.          1.          1.          1.
   1.          1.          1.          1.          1.          1.          1.
   1.          1.          0.66666667  0.33333333 
   0.33333333  0.66666667  1.          1.          1.          1.          1.
   1.          1.          1.          1.          1.          1.          1.
   1.          1.          1.          1.          1.          1.          1.
   1.          1.          1.          1.          1.          1.          1.
   1.          1.          0.66666667  0.33333333 
   0.33333333  0.66666667  1.          1.          1.          1.          1.
   1.          1.          1.          1.          1.          1.          1.
   1.          1.          1.          1.          1.          1.          1.
   1.          1.          1.          1.          1.          1.          1.
   1.          1.          0.66666667  0.33333333 
   0.33333333  0.66666667  1.          1.          1.          1.          1.
   1.          1.          1.          1.          1.          1.          1.
   1.          1.          1.          1.          1.          1.          1.
   1.          1.          1.          1.          1.          1.          1.
   1.          1.          0.66666667  0.33333333 
   0.33333333  0.66666667  1.          1.          1.          1.          1.
   1.          1.          1.          1.          1.          1.          1.
   1.          1.          1.          1.          1.          1.          1.
   1.          1.          1.          1.          1.          1.          1.
   1.          1.          0.66666667  0.33333333 
   0.33333333  0.66666667  1.          1.          1.          1.          1.
   1.          1.          1.          1.          1.          1.          1.
   1.          1.          1.          1.          1.          1.          1.
   1.          1.          1.          1.          1.          1.          1.
   1.          1.          0.66666667  0.33333333 
   0.33333333  0.66666667  1.          1.          1.          1.          1.
   1.          1.          1.          1.          1.          1.          1.
   1.          1.          1.          1.          1.          1.          1.
   1.          1.          1.          1.          1.          1.          1.
   1.          1.          0.66666667  0.33333333 
   0.33333333  0.66666667  1.          1.          1.          1.          1.
   1.          1.          1.          1.          1.          1.          1.
   1.          1.          1.          1.          1.          1.          1.
   1.          1.          1.          1.          1.          1.          1.
   1.          1.          0.66666667  0.33333333 
   0.33333333  0.66666667  1.          1.          1.          1.          1.
   1.          1.          1.          1.          1.          1.          1.
   1.          1.          1.          1.          1.          1.          1.
   1.          1.          1.          1.          1.          1.          1.
   1.          1.          0.66666667  0.33333333 
   0.33333333  0.66666667  1.          1.          1.          1.          1.
   1.          1.          1.          1.          1.          1.          1.
   1.          1.          1.          1.          1.          1.          1.
   1.          1.          1.          1.          1.          1.          1.
   1.          1.          0.66666667  0.33333333 
   0.33333333  0.66666667  1.          1.          1.          1.          1.
   1.          1.          1.          1.          1.          1.          1.
   1.          1.          1.          1.          1.          1.          1.
   1.          1.          1.          1.          1.          1.          1.
   1.          1.          0.66666667  0.33333333 
   0.33333333  0.66666667  1.          1.          1.          1.          1.
   1.          1.          1.          1.          1.          1.          1.
   1.          1.          1.          1.          1.          1.          1.
   1.          1.          1.          1.          1.          1.          1.
   1.          1.          0.66666667  0.33333333 
   0.33333333  0.66666667  1.          1.          1.          1.          1.
   1.          1.          1.          1.          1.          1.          1.
   1.          1.          1.          1.          1.          1.          1.
   1.          1.          1.          1.          1.          1.          1.
   1.          1.          0.66666667  0.33333333 
   0.22222222  0.44444444  0.66666667  0.66666667  0.66666667  0.66666667
   0.66666667  0.66666667  0.66666667  0.66666667  0.66666667  0.66666667
   0.66666667  0.66666667  0.66666667  0.66666667  0.66666667  0.66666667
   0.66666667  0.66666667  0.66666667  0.66666667  0.66666667  0.66666667
   0.66666667  0.66666667  0.66666667  0.66666667  0.66666667  0.66666667
   0.44444444  0.22222222 
   0.11111111  0.22222222  0.33333333  0.33333333  0.33333333  0.33333333
   0.33333333  0.33333333  0.33333333  0.33333333  0.33333333  0.33333333
   0.33333333  0.33333333  0.33333333  0.33333333  0.33333333  0.33333333
   0.33333333  0.33333333  0.33333333  0.33333333  0.33333333  0.33333333
   0.33333333  0.33333333  0.33333333  0.33333333  0.33333333  0.33333333
   0.22222222  0.11111111  
