IMG
   0.          0.          0.          0.          0.          0.          0.
   0.          0.          0.          0.          0.          0.          0.
   0.          0.          0.          0.          0.          0.          0.
   0.          0.          0.          0.          0.          0.          0.
   0.          0.          0.          0.         
   0.          0.          0.          0.          0.          0.          0.
   0.          0.          0.          0.          0.          0.          0.
   0.          0.          0.          0.          0.          0.          0.
   0.          0.          0.          0.          0.          0.          0.
   0.          0.          0.          0.         
   0.          0.          0.          0.          0.          0.          0.
   0.          0.          0.          0.          0.          0.          0.
   0.          0.          0.          0.          0.          0.          0.
   0.          0.          0.          0.          0.          0.          0.
   0.          0.          0.          0.         
   0.          0.          0.          0.          0.          0.          0.
   0.          0.          0.          0.          0.          0.          0.
   0.          0.          0.          0.          0.          0.          0.
   0.          0.          0.          0.          0.          0.          0.
   0.          0.          0.          0.         
   0.          0.          0.          0.          0.          0.          0.
   0.          0.          0.          0.          0.          0.          0.
   0.          0.          0.          0.          0.          0.          0.
   0.          0.          0.          0.          0.          0.          0.
   0.          0.          0.          0.         
   0.          0.          0.          0.          0.          0.          0.
   0.          0.          0.          0.          0.          0.          0.
   0.          0.          0.          0.          0.          0.          0.
   0.          0.          0.          0.          0.          0.          0.
   0.          0.          0.          0.         
   0.          0.          0.          0.          0.          0.          0.
   0.          0.          0.          0.          0.          0.          0.
   0.          0.          0.          0.          0.          0.          0.
   0.          0.          0.          0.          0.          0.          0.
   0.          0.          0.          0.         
   0.          0.          0.          0.          0.          0.          0.
   0.          0.          0.          0.          0.          0.          0.
   0.          0.          0.          0.          0.          0.          0.
   0.          0.          0.          0.          0.          0.          0.
   0.          0.          0.          0.         
   0.          0.          0.          0.          0.          0.          0.
   0.          0.          0.          0.          0.          0.          0.
   0.          0.          0.          0.02084336  0.          0.
   0.00824567  0.          0.          0.02439911  0.          0.          0.
   0.          0.          0.          0.          0.         
   0.          0.          0.          0.          0.          0.          0.
   0.          0.          0.          0.          0.          0.          0.
   0.          0.          0.          0.          0.00639411  0.00695802
   0.          0.00787489  0.0263426   0.          0.          0.          0.
   0.          0.          0.          0.          0.         
   0.          0.          0.          0.          0.          0.          0.
   0.          0.          0.          0.          0.          0.          0.
   0.          0.          0.00521084  0.0145952   0.00494076  0.01082677
   0.          0.          0.          0.00858769  0.          0.          0.
   0.          0.          0.          0.          0.         
   0.          0.          0.          0.          0.          0.          0.
   0.          0.          0.          0.          0.          0.          0.
   0.          0.          0.          0.          0.          0.0047544
   0.          0.00529343  0.00643453  0.          0.          0.          0.
   0.          0.          0.          0.          0.         
   0.          0.          0.          0.          0.          0.          0.
   0.          0.          0.          0.          0.          0.          0.
   0.          0.          0.00751188  0.00330018  0.00333484  0.
   0.01611091  0.          0.          0.01266037  0.          0.          0.
   0.          0.          0.          0.          0.         
   0.          0.          0.          0.          0.          0.          0.
   0.          0.          0.          0.          0.          0.          0.
   0.          0.          0.          0.          0.          0.          0.
   0.01594637  0.          0.0054396   0.          0.          0.          0.
   0.          0.          0.          0.         
   0.          0.          0.          0.          0.          0.          0.
   0.          0.          0.          0.          0.          0.          0.
   0.00298067  0.00240695  0.          0.29386035  0.32988214  0.00686902
   0.          0.          0.00822359  0.0047687   0.          0.          0.
   0.          0.          0.          0.          0.         
   0.          0.          0.          0.          0.          0.          0.
   0.          0.          0.          0.          0.          0.
   0.00375594  0.003002    0.00478341  0.49736404  0.58151209  0.55789882
   0.33959967  0.00276332  0.00722326  0.          0.          0.          0.
   0.          0.          0.          0.          0.          0.         
   0.          0.          0.          0.          0.          0.          0.
   0.          0.          0.0205909   0.          0.00964731  0.          0.
   0.00769668  0.38123041  0.71824622  0.88830227  0.69993508  0.47805801
   0.25438923  0.          0.          0.00507165  0.          0.          0.
   0.          0.          0.          0.          0.         
   0.          0.          0.          0.          0.          0.          0.
   0.          0.          0.          0.02637737  0.          0.01314353
   0.006777    0.          0.35905024  0.73272508  0.78771007  0.69632727
   0.48325437  0.37098432  0.00342027  0.00482219  0.          0.          0.
   0.          0.          0.          0.          0.          0.         
   0.          0.          0.          0.          0.          0.          0.
   0.          0.          0.02349627  0.          0.01066961  0.          0.
   0.00304273  0.00483498  0.52143782  0.56706798  0.54108453  0.36173946
   0.002772    0.01087942  0.00478736  0.          0.          0.          0.
   0.          0.          0.          0.          0.         
   0.          0.          0.          0.          0.          0.          0.
   0.          0.          0.          0.          0.          0.00861094
   0.          0.          0.00247422  0.13803862  0.38159847  0.27448311
   0.          0.00270071  0.          0.          0.          0.          0.
   0.          0.          0.          0.          0.          0.         
   0.          0.          0.          0.          0.          0.          0.
   0.          0.02151322  0.01687893  0.01388737  0.          0.00478558
   0.          0.          0.          0.          0.          0.          0.
   0.01042598  0.          0.          0.01739093  0.          0.          0.
   0.          0.          0.          0.          0.         
   0.          0.          0.          0.          0.          0.          0.
   0.          0.          0.00948865  0.          0.          0.00569933
   0.00962336  0.          0.00381149  0.          0.00719126  0.00719126
   0.          0.          0.01892353  0.          0.          0.          0.
   0.          0.          0.          0.          0.          0.         
   0.          0.          0.          0.          0.          0.          0.
   0.          0.01295832  0.01083574  0.          0.0148165   0.0131443
   0.          0.          0.00436943  0.00487606  0.          0.00946753
   0.          0.01012751  0.          0.00699571  0.          0.          0.
   0.          0.          0.          0.          0.          0.         
   0.          0.          0.          0.          0.          0.          0.
   0.          0.          0.          0.02009927  0.          0.
   0.01371556  0.00595279  0.          0.          0.00553562  0.
   0.01184409  0.          0.01436271  0.          0.          0.          0.
   0.          0.          0.          0.          0.          0.         
   0.          0.          0.          0.          0.          0.          0.
   0.          0.          0.          0.          0.          0.          0.
   0.          0.          0.          0.          0.          0.          0.
   0.          0.          0.          0.          0.          0.          0.
   0.          0.          0.          0.         
   0.          0.          0.          0.          0.          0.          0.
   0.          0.          0.          0.          0.          0.          0.
   0.          0.          0.          0.          0.          0.          0.
   0.          0.          0.          0.          0.          0.          0.
   0.          0.          0.          0.         
   0.          0.          0.          0.          0.          0.          0.
   0.          0.          0.          0.          0.          0.          0.
   0.          0.          0.          0.          0.          0.          0.
   0.          0.          0.          0.          0.          0.          0.
   0.          0.          0.          0.         
   0.          0.          0.          0.          0.          0.          0.
   0.          0.          0.          0.          0.          0.          0.
   0.          0.          0.          0.          0.          0.          0.
   0.          0.          0.          0.          0.          0.          0.
   0.          0.          0.          0.         
   0.          0.          0.          0.          0.          0.          0.
   0.          0.          0.          0.          0.          0.          0.
   0.          0.          0.          0.          0.          0.          0.
   0.          0.          0.          0.          0.          0.          0.
   0.          0.          0.          0.         
   0.          0.          0.          0.          0.          0.          0.
   0.          0.          0.          0.          0.          0.          0.
   0.          0.          0.          0.          0.          0.          0.
   0.          0.          0.          0.          0.          0.          0.
   0.          0.          0.          0.         
   0.          0.          0.          0.          0.          0.          0.
   0.          0.          0.          0.          0.          0.          0.
   0.          0.          0.          0.          0.          0.          0.
   0.          0.          0.          0.          0.          0.          0.
   0.          0.          0.          0.         
   0.          0.          0.          0.          0.          0.          0.
   0.          0.          0.          0.          0.          0.          0.
   0.          0.          0.          0.          0.          0.          0.
   0.          0.          0.          0.          0.          0.          0.
   0.          0.          0.          0.          
OUTPUT
   0.          0.          0.          0.          0.          0.          0.
   0.          0.          0.          0.          0.          0.          0.
   0.          0.          0.          0.          0.          0.          0.
   0.          0.          0.          0.          0.          0.          0.
   0.          0.          0.          0.         
   0.          0.          0.          0.          0.          0.          0.
   0.          0.          0.          0.          0.          0.          0.
   0.          0.          0.          0.          0.          0.          0.
   0.          0.          0.          0.          0.          0.          0.
   0.          0.          0.          0.         
   0.          0.          0.          0.          0.          0.          0.
   0.          0.          0.          0.          0.          0.          0.
   0.          0.          0.          0.          0.          0.          0.
   0.          0.          0.          0.          0.          0.          0.
   0.          0.          0.          0.         
   0.          0.          0.          0.          0.          0.          0.
   0.          0.          0.          0.          0.          0.          0.
   0.          0.          0.          0.          0.          0.          0.
   0.          0.          0.          0.          0.          0.          0.
   0.          0.          0.          0.         
   0.          0.          0.          0.          0.          0.          0.
   0.          0.          0.          0.          0.          0.          0.
   0.          0.          0.          0.          0.          0.          0.
   0.          0.          0.          0.          0.          0.          0.
   0.          0.          0.          0.         
   0.          0.          0.          0.          0.          0.          0.
   0.          0.          0.          0.          0.          0.          0.
   0.          0.          0.          0.          0.          0.          0.
   0.          0.          0.          0.          0.          0.          0.
   0.          0.          0.          0.         
   0.          0.          0.          0.          0.          0.          0.
   0.          0.          0.          0.          0.          0.          0.
   0.          0.          0.          0.          0.          0.          0.
   0.          0.          0.          0.          0.          0.          0.
   0.          0.          0.          0.         
   0.          0.          0.          0.          0.          0.          0.
   0.          0.          0.          0.          0.00309005  0.00322075
   0.003329    0.0034584   0.00364063  0.00388888  0.00388888  0.00388888
   0.00388888  0.00388888  0.00388888  0.00387563  0.00386493  0.00380838
   0.          0.          0.          0.          0.          0.          0.         
   0.          0.          0.          0.          0.          0.          0.
   0.          0.00575926  0.01199599  0.00640501  0.0104159   0.00411397
   0.00428799  0.00443211  0.00460438  0.00484699  0.0051775   0.0051775
   0.0051775   0.0051775   0.00515986  0.00514562  0.00507033  0.01042615
   0.          0.          0.          0.          0.          0.          0.         
   0.          0.          0.          0.          0.          0.          0.
   0.          0.00969723  0.00739745  0.01540818  0.00852738  0.01386732
   0.00574596  0.005989    0.0061903   0.00643092  0.00676976  0.00723138
   0.00723138  0.00720675  0.00718685  0.00708171  0.01388097  0.00847203
   0.          0.          0.          0.          0.          0.          0.         
   0.          0.          0.          0.          0.          0.          0.
   0.          0.00373974  0.01245556  0.00984868  0.02051385  0.01191014
   0.01936841  0.00858347  0.00894654  0.00924724  0.00960668  0.01011286
   0.01076563  0.01073592  0.01057885  0.01938747  0.01183283  0.01697767
   0.0074961   0.          0.          0.          0.          0.          0.         
   0.          0.          0.          0.          0.          0.          0.
   0.          0.0039266   0.00497895  0.01658284  0.0137556   0.02865158
   0.01779169  0.02893306  0.01418901  0.01478917  0.01528625  0.01581959
   0.01660722  0.01748748  0.02896153  0.0176762   0.02371262  0.01046976
   0.01259954  0.          0.          0.          0.          0.          0.         
   0.          0.          0.          0.          0.          0.          0.
   0.          0.00397587  0.00522773  0.00695407  0.02316116  0.02054849
   0.0428005   0.02898538  0.04740274  0.02672095  0.02749973  0.02804789
   0.02838857  0.04678359  0.02855363  0.03542255  0.01564001  0.0175977
   0.00660332  0.          0.          0.          0.          0.          0.         
   0.          0.          0.          0.          0.          0.          0.
   0.          0.00422949  0.00529332  0.00730154  0.01038818  0.03459877
   0.03354768  0.06990626  0.0560191   0.09151349  0.0708766   0.07080517
   0.08673395  0.05217337  0.05691861  0.02434736  0.0258849   0.0094612
   0.00675571  0.          0.          0.          0.          0.          0.         
   0.          0.          0.          0.          0.          0.          0.
   0.          0.00435671  0.00563098  0.00739315  0.01090723  0.01717229
   0.05666732  0.06515913  0.13583812  0.1533252   0.25116861  0.23440245
   0.13744588  0.10880937  0.04628495  0.0415528   0.01476636  0.0092664
   0.00650823  0.          0.          0.          0.          0.          0.         
   0.          0.          0.          0.          0.          0.          0.
   0.          0.00460615  0.00580035  0.00786476  0.01104409  0.01803033
   0.03177897  0.10932649  0.1797456   0.37418953  0.50744456  0.46399084
   0.29659948  0.12098917  0.07963334  0.04897517  0.01490332  0.00919372
   0.00645534  0.          0.          0.          0.          0.          0.         
   0.          0.          0.          0.          0.          0.          0.
   0.          0.00478289  0.00613245  0.00810131  0.0117486   0.01825655
   0.03252086  0.08514396  0.30045533  0.55010265  0.68444675  0.61251086
   0.4314678   0.21552138  0.09398504  0.04844311  0.01437126  0.00939235
   0.00654076  0.          0.          0.          0.          0.          0.         
   0.          0.          0.          0.          0.          0.          0.
   0.          0.00478289  0.00636776  0.00856515  0.01210196  0.0189821
   0.03274876  0.08473689  0.30314046  0.55117834  0.68364847  0.61149764
   0.43206048  0.21838856  0.09329861  0.04857435  0.01450251  0.00927077
   0.00658535  0.          0.          0.          0.          0.          0.         
   0.          0.          0.          0.          0.          0.          0.
   0.          0.00478289  0.00636776  0.00889381  0.01279486  0.01945629
   0.03247853  0.11608376  0.19573374  0.38832638  0.51560813  0.45480725
   0.3037051   0.13730562  0.08042783  0.04855522  0.01462355  0.00921814
   0.00646627  0.          0.          0.          0.          0.          0.         
   0.          0.          0.          0.          0.          0.          0.
   0.          0.00478289  0.00636776  0.00889381  0.0132193   0.02010169
   0.06161258  0.0725622   0.14101534  0.17949468  0.26930118  0.23621929
   0.13257842  0.11175183  0.05168402  0.04177026  0.0147692   0.00923506
   0.00628952  0.          0.          0.          0.          0.          0.         
   0.          0.          0.          0.          0.          0.          0.
   0.          0.00478289  0.00636776  0.00884928  0.01307681  0.03919192
   0.0396319   0.07409597  0.06593466  0.09883878  0.08983364  0.07449602
   0.08822611  0.05046313  0.05844866  0.02725369  0.02559197  0.00911177
   0.00618215  0.          0.          0.          0.          0.          0.         
   0.          0.          0.          0.          0.          0.          0.
   0.          0.00478289  0.00633588  0.0087539   0.02623592  0.02514981
   0.01640592  0.03533259  0.05179667  0.0337996   0.03403525  0.03453921
   0.03015407  0.04625651  0.02663624  0.03535783  0.0164868   0.01713181
   0.00609962  0.          0.          0.          0.          0.          0.         
   0.          0.          0.          0.          0.          0.          0.
   0.          0.00475895  0.00626759  0.0187843   0.01683582  0.01109952
   0.022543    0.03206802  0.01837896  0.01796271  0.01796098  0.01851881
   0.01844413  0.01588242  0.02798234  0.01611328  0.02366929  0.01103662
   0.01226597  0.          0.          0.          0.          0.          0.         
   0.          0.          0.          0.          0.          0.          0.
   0.          0.00470765  0.01410909  0.01205405  0.00743026  0.01537566
   0.0085856   0.01172064  0.01144728  0.01155145  0.01156436  0.01136259
   0.01150381  0.01137226  0.00960788  0.01873198  0.01078658  0.01694665
   0.00790196  0.          0.          0.          0.          0.          0.         
   0.          0.          0.          0.          0.          0.          0.
   0.          0.          0.00905393  0.00531989  0.01100861  0.00603227
   0.0084384   0.0082514   0.00813612  0.00813033  0.0080657   0.00794297
   0.00775009  0.00770089  0.00761284  0.00643172  0.01341165  0.00772293
   0.          0.          0.          0.          0.          0.          0.         
   0.          0.          0.          0.          0.          0.          0.
   0.          0.          0.          0.          0.00431896  0.0060417
   0.00611178  0.00624938  0.00624237  0.00606362  0.00596542  0.00587775
   0.00568698  0.00554888  0.00551366  0.00545061  0.00460496  0.          0.
   0.          0.          0.          0.          0.          0.         
   0.          0.          0.          0.          0.          0.          0.
   0.          0.          0.          0.          0.          0.          0.
   0.          0.          0.          0.          0.          0.          0.
   0.          0.          0.          0.          0.          0.          0.
   0.          0.          0.          0.         
   0.          0.          0.          0.          0.          0.          0.
   0.          0.          0.          0.          0.          0.          0.
   0.          0.          0.          0.          0.          0.          0.
   0.          0.          0.          0.          0.          0.          0.
   0.          0.          0.          0.         
   0.          0.          0.          0.          0.          0.          0.
   0.          0.          0.          0.          0.          0.          0.
   0.          0.          0.          0.          0.          0.          0.
   0.          0.          0.          0.          0.          0.          0.
   0.          0.          0.          0.         
   0.          0.          0.          0.          0.          0.          0.
   0.          0.          0.          0.          0.          0.          0.
   0.          0.          0.          0.          0.          0.          0.
   0.          0.          0.          0.          0.          0.          0.
   0.          0.          0.          0.         
   0.          0.          0.          0.          0.          0.          0.
   0.          0.          0.          0.          0.          0.          0.
   0.          0.          0.          0.          0.          0.          0.
   0.          0.          0.          0.          0.          0.          0.
   0.          0.          0.          0.         
   0.          0.          0.          0.          0.          0.          0.
   0.          0.          0.          0.          0.          0.          0.
   0.          0.          0.          0.          0.          0.          0.
   0.          0.          0.          0.          0.          0.          0.
   0.          0.          0.          0.          
BOX
   9.  9.  9.  9.  9.  9.  9.  9.  9.  9.  9.  9.  9.  9.  9.  9.  9.  9.
   9.  9.  9.  9.  9.  9.  9.  9.  9.  9.  9.  9.  9.  9. 
   9.  9.  9.  9.  9.  9.  9.  9.  9.  9.  9.  9.  9.  9.  9.  9.  9.  9.
   9.  9.  9.  9.  9.  9.  9.  9.  9.  9.  9.  9.  9.  9. 
   9.  9.  9.  9.  9.  9.  9.  9.  9.  9.  9.  9.  9.  9.  9.  9.  9.  9.
   9.  9.  9.  9.  9.  9.  9.  9.  9.  9.  9.  9.  9.  9. 
   9.  9.  9.  9.  9.  9.  9.  9.  9.  9.  9.  9.  9.  9.  9.  9.  9.  9.
   9.  9.  9.  9.  9.  9.  9.  9.  9.  9.  9.  9.  9.  9. 
   9.  9.  9.  9.  9.  9.  9.  9.  9.  9.  9.  9.  9.  9.  9.  9.  9.  9.
   9.  9.  9.  9.  9.  9.  9.  9.  9.  9.  9.  9.  9.  9. 
   9.  9.  9.  9.  9.  9.  9.  9.  9.  9.  9.  9.  9.  9.  9.  9.  9.  9.
   9.  9.  9.  9.  9.  9.  9.  9.  9.  9.  9.  9.  9.  9. 
   9.  9.  9.  9.  9.  9.  9.  9.  9.  9.  9.  9.  9.  9.  9.  9.  9.  9.
   9.  9.  9.  9.  9.  9.  9.  9.  9.  9.  9.  9.  9.  9. 
   9.  9.  9.  9.  9.  9.  9.  9.  9.  9.  9.  7.  7.  7.  7.  7.  7.  7.
   7.  7.  7.  7.  7.  7.  7.  9.  9.  9.  9.  9.  9.  9. 
   9.  9.  9.  9.  9.  9.  9.  9.  8.  8.  7.  7.  6.  6.  6.  6.  6.  6.
   6.  6.  6.  6.  6.  6.  7.  9.  9.  9.  9.  9.  9.  9. 
   9.  9.  9.  9.  9.  9.  9.  9.  8.  7.  7.  6.  6.  5.  5.  5.  5.  5.
   5.  5.  5.  5.  5.  6.  6.  9.  9.  9.  9.  9.  9.  9. 
   9.  9.  9.  9.  9.  9.  9.  9.  7.  7.  6.  6.  5.  5.  4.  4.  4.  4.
   4.  4.  4.  4.  5.  5.  6.  6.  9.  9.  9.  9.  9.  9. 
   9.  9.  9.  9.  9.  9.  9.  9.  7.  6.  6.  5.  5.  4.  4.  3.  3.  3.
   3.  3.  3.  4.  4.  5.  5.  6.  9.  9.  9.  9.  9.  9. 
   9.  9.  9.  9.  9.  9.  9.  9.  7.  6.  5.  5.  4.  4.  3.  3.  2.  2.
   2.  2.  3.  3.  4.  4.  5.  5.  9.  9.  9.  9.  9.  9. 
   9.  9.  9.  9.  9.  9.  9.  9.  7.  6.  5.  4.  4.  3.  3.  2.  2.  1.
   1.  2.  2.  3.  3.  4.  4.  5.  9.  9.  9.  9.  9.  9. 
   9.  9.  9.  9.  9.  9.  9.  9.  7.  6.  5.  4.  3.  3.  2.  2.  1.  1.
   1.  1.  2.  2.  3.  3.  4.  5.  9.  9.  9.  9.  9.  9. 
   9.  9.  9.  9.  9.  9.  9.  9.  7.  6.  5.  4.  3.  2.  2.  1.  1.  1.
   1.  1.  1.  2.  3.  3.  4.  5.  9.  9.  9.  9.  9.  9. 
   9.  9.  9.  9.  9.  9.  9.  9.  7.  6.  5.  4.  3.  2.  1.  1.  1.  1.
   1.  1.  1.  2.  3.  3.  4.  5.  9.  9.  9.  9.  9.  9. 
   9.  9.  9.  9.  9.  9.  9.  9.  7.  6.  5.  4.  3.  2.  1.  1.  1.  1.
   1.  1.  1.  2.  3.  3.  4.  5.  9.  9.  9.  9.  9.  9. 
   9.  9.  9.  9.  9.  9.  9.  9.  7.  6.  5.  4.  3.  2.  2.  1.  1.  1.
   1.  1.  1.  2.  3.  3.  4.  5.  9.  9.  9.  9.  9.  9. 
   9.  9.  9.  9.  9.  9.  9.  9.  7.  6.  5.  4.  3.  3.  2.  2.  1.  1.
   1.  1.  2.  2.  3.  3.  4.  5.  9.  9.  9.  9.  9.  9. 
   9.  9.  9.  9.  9.  9.  9.  9.  7.  6.  5.  4.  4.  3.  3.  2.  2.  1.
   1.  2.  2.  3.  3.  4.  4.  5.  9.  9.  9.  9.  9.  9. 
   9.  9.  9.  9.  9.  9.  9.  9.  7.  6.  5.  5.  4.  3.  3.  3.  2.  2.
   2.  2.  3.  3.  4.  4.  5.  5.  9.  9.  9.  9.  9.  9. 
   9.  9.  9.  9.  9.  9.  9.  9.  7.  6.  6.  5.  4.  4.  4.  3.  3.  3.
   3.  3.  3.  4.  4.  5.  5.  6.  9.  9.  9.  9.  9.  9. 
   9.  9.  9.  9.  9.  9.  9.  9.  7.  7.  6.  5.  5.  4.  4.  4.  4.  4.
   4.  4.  4.  4.  5.  5.  6.  6.  9.  9.  9.  9.  9.  9. 
   9.  9.  9.  9.  9.  9.  9.  9.  9.  7.  6.  6.  5.  5.  5.  5.  5.  5.
   5.  5.  5.  5.  5.  6.  6.  9.  9.  9.  9.  9.  9.  9. 
   9.  9.  9.  9.  9.  9.  9.  9.  9.  9.  9.  6.  6.  6.  6.  6.  6.  6.
   6.  6.  6.  6.  6.  6.  9.  9.  9.  9.  9.  9.  9.  9. 
   9.  9.  9.  9.  9.  9.  9.  9.  9.  9.  9.  9.  9.  9.  9.  9.  9.  9.
   9.  9.  9.  9.  9.  9.  9.  9.  9.  9.  9.  9.  9.  9. 
   9.  9.  9.  9.  9.  9.  9.  9.  9.  9.  9.  9.  9.  9.  9.  9.  9.  9.
   9.  9.  9.  9.  9.  9.  9.  9.  9.  9.  9.  9.  9.  9. 
   9.  9.  9.  9.  9.  9.  9.  9.  9.  9.  9.  9.  9.  9.  9.  9.  9.  9.
   9.  9.  9.  9.  9.  9.  9.  9.  9.  9.  9.  9.  9.  9. 
   9.  9.  9.  9.  9.  9.  9.  9.  9.  9.  9.  9.  9.  9.  9.  9.  9.  9.
   9.  9.  9.  9.  9.  9.  9.  9.  9.  9.  9.  9.  9.  9. 
   9.  9.  9.  9.  9.  9.  9.  9.  9.  9.  9.  9.  9.  9.  9.  9.  9.  9.
   9.  9.  9.  9.  9.  9.  9.  9.  9.  9.  9.  9.  9.  9. 
   9.  9.  9.  9.  9.  9.  9.  9.  9.  9.  9.  9.  9.  9.  9.  9.  9.  9.
   9.  9.  9.  9.  9.  9.  9.  9.  9.  9.  9.  9.  9.  9.  
NORM
   0.00346021  0.00692042  0.00692042  0.00692042  0.01136486  0.01580931
   0.02025375  0.02469819  0.02914264  0.03358708  0.03803153  0.04247597
   0.04692041  0.05136485  0.0558093   0.06025374  0.06469818  0.06568242
   0.06222221  0.05777777  0.05333333  0.04888888  0.04444444  0.04
   0.03555556  0.03111111  0.02666667  0.02222222  0.01777778  0.01333333
   0.00888889  0.00444444 
   0.00692042  0.01038062  0.01038062  0.01482507  0.02371396  0.0281584
   0.03260285  0.03704729  0.04149173  0.04593617  0.05038062  0.05482506
   0.0592695   0.06371395  0.06815839  0.07260283  0.07704727  0.07901575
   0.0711111   0.06222221  0.05777777  0.05333333  0.04888888  0.04444444
   0.04        0.03555556  0.03111111  0.02666667  0.02222222  0.01777778
   0.01333333  0.00888889 
   0.00692042  0.01038062  0.01482507  0.02371396  0.03260285  0.03704729
   0.04740889  0.05777049  0.0681321   0.07849369  0.0888553   0.09921691
   0.10957851  0.11994012  0.13030174  0.14066336  0.15102495  0.15446614
   0.14211704  0.12731099  0.11694938  0.10658778  0.09622616  0.08586456
   0.07550295  0.06514135  0.05477974  0.04441814  0.03405654  0.02369494
   0.01333333  0.00888889 
   0.00692042  0.01482507  0.02371396  0.03260284  0.04149173  0.05185333
   0.0681321   0.0784937   0.0888553   0.0992169   0.10957851  0.11994012
   0.13030173  0.14066334  0.15102497  0.16138658  0.16730373  0.17221762
   0.15986852  0.13914531  0.1287837   0.1184221   0.10806049  0.09769888
   0.08733728  0.07697567  0.06661406  0.05625246  0.04589086  0.03552926
   0.01925049  0.00888889 
   0.00692042  0.01926951  0.0281584   0.03704729  0.05185333  0.0681321
   0.08441086  0.09477247  0.11339853  0.13202459  0.15065068  0.16927676
   0.18790284  0.20652892  0.22515501  0.24378109  0.25351825  0.26077944
   0.24843036  0.22535984  0.20673376  0.18810767  0.16948159  0.15085551
   0.13222943  0.11360338  0.09497731  0.07635125  0.05772517  0.04736357
   0.03108481  0.01480605 
   0.00692042  0.02371396  0.03260284  0.04740889  0.0681321   0.08441086
   0.10068963  0.11931569  0.14620623  0.16483229  0.18345839  0.20208447
   0.22071055  0.23933662  0.2579627   0.2765888   0.27596432  0.2855728
   0.27322373  0.24780594  0.22917986  0.21055377  0.19192769  0.17330161
   0.15467553  0.13604945  0.11742339  0.09879733  0.0719068   0.05328073
   0.03700197  0.02072321 
   0.00692042  0.0281584   0.03704729  0.05777049  0.0784937   0.09477247
   0.11931569  0.14620623  0.17309678  0.19172284  0.22269461  0.25366634
   0.28463808  0.31560984  0.34658161  0.37755334  0.37891293  0.39260262
   0.38025355  0.35075453  0.31978276  0.28881103  0.25783929  0.22686756
   0.19589582  0.16492407  0.13395232  0.11532625  0.08843572  0.06154519
   0.03700197  0.02072321 
   0.00692042  0.03260284  0.04149173  0.06813209  0.0888553   0.11339853
   0.14620623  0.17309678  0.19998732  0.23095906  0.27427647  0.30524823
   0.33621994  0.3671917   0.39816347  0.4291352   0.41186872  0.42963964
   0.41729057  0.38371032  0.36100301  0.33003128  0.29905954  0.2680878
   0.2371161   0.20614435  0.16282694  0.13185517  0.10496464  0.07807411
   0.04526643  0.02072321 
   0.00692042  0.03704729  0.04593617  0.07849369  0.09921691  0.1320246
   0.16483231  0.19172285  0.23095907  0.27427647  0.31759387  0.34856564
   0.3999455   0.45132542  0.50270534  0.55408514  0.53860086  0.56443423
   0.55208522  0.5104425   0.47559142  0.42421153  0.37283164  0.32145175
   0.27007186  0.23910016  0.19578275  0.15246533  0.1132291   0.08633857
   0.0535309   0.02072321 
   0.00692042  0.04149173  0.05038061  0.0888553   0.10957851  0.15065068
   0.18345839  0.22269461  0.27427647  0.31759387  0.36091128  0.4122912
   0.48407921  0.53545904  0.5868389   0.63821882  0.59176284  0.62565869
   0.61330968  0.56360447  0.54936361  0.49798363  0.44660375  0.39522386
   0.32343584  0.27205595  0.22873856  0.18542114  0.13383925  0.09460303
   0.06179536  0.02072321 
   0.00692042  0.04593617  0.05482506  0.0992169   0.11994012  0.16927676
   0.20208447  0.25366634  0.3052482   0.34856561  0.41229117  0.48407924
   0.55586714  0.60724705  0.69862694  0.79000688  0.75257921  0.80606693
   0.79371792  0.72442079  0.69079012  0.59941018  0.50803018  0.45665029
   0.38486227  0.31307423  0.2493487   0.20603128  0.15444939  0.10286749
   0.07005982  0.02072321 
   0.00692042  0.05038061  0.0592695   0.10957851  0.13030173  0.18790284
   0.22071055  0.28463811  0.33621994  0.3999455   0.48407921  0.5558672
   0.62765515  0.71903509  0.85041499  0.94179493  0.85298741  0.92606699
   0.91371799  0.82482898  0.83221662  0.74083662  0.60945672  0.51807678
   0.4462887   0.37450066  0.29036698  0.22664142  0.17505953  0.11113195
   0.07832428  0.02072321 
   0.00692042  0.05482506  0.06371395  0.11994011  0.14066334  0.20652892
   0.23933662  0.31560984  0.36719167  0.45132539  0.53545898  0.60724705
   0.71903503  0.85041499  0.98179489  1.07317519  1.0440985   1.18828917
   1.17594004  1.03634834  0.97364312  0.88226312  0.75088322  0.61950326
   0.50771517  0.43592709  0.33138525  0.24725156  0.19566967  0.11939641
   0.08658874  0.02072321 
   0.00692042  0.0592695   0.06815839  0.13030171  0.15102495  0.225155
   0.2579627   0.34658158  0.39816341  0.50270528  0.58683884  0.69862694
   0.85041493  0.98179489  1.11317515  1.3156662   1.30632079  1.52162266
   1.50927353  1.31897855  1.18618047  0.98368961  0.8523097   0.72092974
   0.56914169  0.49735352  0.37240353  0.26786166  0.2162798   0.12766087
   0.0948532   0.02072321 
   0.00692042  0.06371395  0.07260283  0.14066333  0.16138656  0.24378107
   0.27658877  0.37755331  0.42913514  0.55408508  0.6382187   0.79000682
   0.94179481  1.07317507  1.3156662   1.62926841  1.63965428  1.85495615
   1.84260702  1.71272016  1.50982904  1.19622684  0.95373619  0.82235622
   0.63056815  0.55878007  0.41342181  0.28847179  0.23688994  0.13592534
   0.10311766  0.02072321 
   0.00692042  0.06815839  0.07704727  0.15102494  0.16730373  0.25351825
   0.27596432  0.37891293  0.41186872  0.53860074  0.59176266  0.75257897
   0.85298711  1.0440985   1.30632079  1.63965428  1.35616922  1.36898005
   1.35663092  1.48964334  1.41915035  1.08581722  0.82359511  0.74359506
   0.56318688  0.52237058  0.38757589  0.26084378  0.22788799  0.12493931
   0.10249323  0.01627876 
   0.00692042  0.07260283  0.08593616  0.16138656  0.17913805  0.26769987
   0.29249325  0.39952308  0.43656006  0.57135457  0.63257897  0.81298709
   0.93298709  1.19520974  1.528543    1.86187649  1.37590039  1.09484017
   1.08693552  1.50937462  1.47989988  1.14656663  0.81323344  0.77323347
   0.57323343  0.55282527  0.40996811  0.27517354  0.23813654  0.13110664
   0.10631326  0.01775148 
   0.00346021  0.06568242  0.07901575  0.15002169  0.16777319  0.25041786
   0.27521124  0.37397659  0.41101363  0.53346241  0.59468687  0.77509493
   0.89509499  1.15731752  1.49065077  1.82398427  1.33800817  1.06040812
   1.0869354   1.50937438  1.47989988  1.14656675  0.81323349  0.77323347
   0.57323343  0.55282527  0.40996814  0.27517357  0.23813656  0.13110664
   0.10631327  0.01775148 
   0.          0.05777777  0.06666666  0.13175543  0.14950691  0.22980428
   0.25459766  0.34928182  0.38631883  0.5007053   0.57427531  0.73509151
   0.83549964  1.02661085  1.28883326  1.62216651  1.33868158  1.30703282
   1.33355999  1.48519862  1.41470587  1.08137298  0.81915057  0.73915052
   0.55874228  0.51792592  0.38313147  0.25639939  0.22344358  0.12049489
   0.09804881  0.01183432 
   0.          0.05333333  0.06222221  0.12139381  0.1391453   0.21709536
   0.24780592  0.34432602  0.39554465  0.51605016  0.61614752  0.76349097
   0.91083455  1.03777039  1.27581704  1.58497453  1.59091604  1.75731373
   1.75731373  1.65049767  1.4520514   1.14289403  0.90484703  0.7779116
   0.59056789  0.52322435  0.38231072  0.26180521  0.21466777  0.11814759
   0.08978435  0.01183432 
   0.          0.04888888  0.05777777  0.1110322   0.12878369  0.19846928
   0.22917984  0.31335428  0.36457291  0.46467036  0.56476772  0.67211115
   0.81945467  0.94639009  1.07332611  1.27137244  1.2575829   1.42398059
   1.42398071  1.25675642  1.12840295  0.93035603  0.8034206   0.67648506
   0.52914149  0.46179801  0.34129247  0.24119508  0.19405761  0.10988313
   0.08151989  0.01183432 
   0.          0.04444444  0.05333333  0.1006706   0.11842208  0.1798432
   0.21055377  0.28238258  0.33360118  0.41329044  0.5133878   0.58073139
   0.68807495  0.81501025  0.94194567  1.02888143  0.99536026  1.09064794
   1.09064794  0.97412574  0.915865    0.82892954  0.70199406  0.57505858
   0.46771517  0.40037158  0.30027422  0.22058493  0.17344746  0.10161867
   0.07325541  0.01183432 
   0.          0.04        0.04888888  0.09030899  0.10806048  0.16121712
   0.19192769  0.25141084  0.30262944  0.36191055  0.462008    0.52935147
   0.59669513  0.68363047  0.81056583  0.89750129  0.80424917  0.82842487
   0.82842487  0.76260644  0.77443856  0.6875031   0.5605675   0.47363234
   0.40628874  0.33894515  0.25925595  0.19997478  0.15283731  0.09335421
   0.06499095  0.01183432 
   0.          0.03555556  0.04444444  0.07994739  0.09769887  0.14259104
   0.17330161  0.22043908  0.27165774  0.31053066  0.39021993  0.45756355
   0.52490699  0.57184237  0.65877789  0.74571335  0.70384103  0.70842487
   0.70842487  0.66219831  0.63301206  0.54607654  0.45914134  0.4122059
   0.34486231  0.27751875  0.21823762  0.17936462  0.13222718  0.08508974
   0.05672648  0.01183432 
   0.          0.03111111  0.04        0.06958579  0.08733727  0.12396498
   0.15467553  0.18946731  0.24068598  0.27955896  0.33884007  0.38577551
   0.4531191   0.50005454  0.54698974  0.59392518  0.54302472  0.52801675
   0.52801675  0.50138217  0.49158579  0.44465035  0.39771491  0.35077947
   0.28343594  0.23650046  0.19762747  0.15875448  0.11161704  0.07682527
   0.04846202  0.01183432 
   0.          0.02666667  0.03555556  0.05922418  0.07697567  0.10533892
   0.13604946  0.15849555  0.19736856  0.23624155  0.27511454  0.30164182
   0.3485772   0.39551267  0.44244814  0.48938358  0.4694548   0.46679237
   0.46679237  0.44822019  0.41781366  0.37087825  0.32394284  0.2770074
   0.23007196  0.20354465  0.16467164  0.12579866  0.0910069   0.0685608
   0.04019756  0.01183432 
   0.          0.02222222  0.03111111  0.04886258  0.06661406  0.08671284
   0.11742339  0.13986947  0.16639678  0.20526978  0.24414277  0.27067006
   0.29719737  0.32372463  0.35025191  0.37677917  0.35506836  0.3443436
   0.33199793  0.3214882   0.30322537  0.27669805  0.25017074  0.22364344
   0.19711612  0.17058881  0.13171582  0.10518852  0.08274243  0.06029634
   0.0319331   0.01183432 
   0.          0.01777778  0.02666667  0.03850098  0.05625246  0.06808677
   0.09053288  0.11297896  0.12716058  0.15368788  0.18021519  0.20674251
   0.23326983  0.25979713  0.28632444  0.31285173  0.30976695  0.30730659
   0.29496089  0.28853238  0.26200506  0.23547776  0.20895043  0.18242313
   0.15589581  0.12936851  0.10284122  0.0886596   0.0662135   0.04376741
   0.02366864  0.01183432 
   0.          0.01333333  0.02222222  0.02813938  0.04589086  0.05772517
   0.0719068   0.09435289  0.10853451  0.12271613  0.13689774  0.15107937
   0.16526099  0.17944261  0.19362424  0.20780587  0.20273699  0.19619542
   0.18793096  0.18558365  0.17140204  0.15722041  0.14303879  0.12885717
   0.11467555  0.10049392  0.08631229  0.07213067  0.04968457  0.03550296
   0.02366864  0.01183432 
   0.          0.00888889  0.01777778  0.01777778  0.0296121   0.04144641
   0.04736357  0.06154519  0.07572682  0.08990845  0.10409008  0.1182717
   0.13245332  0.14663494  0.16081657  0.17499818  0.18029092  0.1796665
   0.17140204  0.16313758  0.14895596  0.13477434  0.12059271  0.10641108
   0.09222946  0.07804783  0.0638662   0.04968458  0.03550296  0.0295858
   0.01775148  0.00591716 
   0.          0.00444444  0.01333333  0.01333333  0.01925049  0.03108481
   0.03700197  0.04291913  0.04883629  0.05475345  0.0606706   0.06658776
   0.07250492  0.07842208  0.08433925  0.09025641  0.09172913  0.0887574
   0.08284023  0.07692307  0.07100591  0.06508875  0.05917159  0.05325443
   0.04733727  0.04142012  0.03550296  0.0295858   0.02366864  0.01775148
   0.00591716  0.         
   0.          0.          0.00444444  0.00444444  0.00444444  0.0103616
   0.01627876  0.02219592  0.02811308  0.03403024  0.0399474   0.04586456
   0.05178172  0.05769888  0.06361604  0.0695332   0.07545036  0.07692307
   0.07100591  0.06508875  0.05917159  0.05325443  0.04733727  0.04142012
   0.03550296  0.0295858   0.02366864  0.01775148  0.01183432  0.00591716
   0.          0.          
